[ 255 64 64 1 0.030303 0.0298507 0.042855 0.0211077 1 2.35619 ]
[ 255 64 64 1 0.0606061 0.0597015 0.0857099 0.0211077 1 2.35619 ]
[ 255 64 64 1 0.0909091 0.0895522 0.042855 0.0211077 1 2.35619 ]
[ 64 0 0 1 0.212121 0.0298507 0.042855 0.0211077 1 0.785398 ]
[ 64 0 0 1 0.181818 0.0597015 0.0857099 0.0211077 1 0.785398 ]
[ 128 0 0 1 0.151515 0.0895522 0.042855 0.0211077 1 0.785398 ]
[ 64 0 0 1 0.151515 0.179104 0.030303 0.0597015 1 0 ]
[ 0 0 0 1 0.212121 0.179104 0.030303 0.0597015 1 0 ]
[ 128 0 0 1 0.0606061 0.208955 0.0606061 0.0298507 1 0 ]
[ 64 0 0 1 0.0606061 0.149254 0.0606061 0.0298507 1 0 ]
[ 128 0 0 1 0.0606061 0.328358 0.0606061 0.0298507 1 0 ]
[ 128 0 0 1 0.0606061 0.268657 0.0606061 0.0298507 1 0 ]
[ 0 0 0 1 0.181818 0.298507 0.0606061 0.0597015 1 0 ]
[ 191 0 0 1 0.151515 0.38806 0.042855 0.0211077 1 2.35619 ]
[ 64 0 0 1 0.181818 0.41791 0.0857099 0.0211077 1 2.35619 ]
[ 0 0 0 1 0.212121 0.447761 0.042855 0.0211077 1 2.35619 ]
[ 64 0 0 1 0.030303 0.38806 0.030303 0.0298507 1 0 ]
[ 64 0 0 1 0.0909091 0.38806 0.030303 0.0298507 1 0 ]
[ 191 0 0 1 0.0909091 0.447761 0.030303 0.0298507 1 0 ]
[ 191 0 0 1 0.030303 0.447761 0.030303 0.0298507 1 0 ]
[ 255 64 64 1 0.0606061 0.567164 0.0606061 0.0298507 1 0 ]
[ 128 0 0 1 0.0606061 0.507463 0.0606061 0.0298507 1 0 ]
[ 0 0 0 1 0.181818 0.537313 0.0606061 0.0597015 1 0 ]
[ 128 0 0 1 0.151515 0.656716 0.030303 0.0597015 1 0 ]
[ 0 0 0 1 0.212121 0.656716 0.030303 0.0597015 1 0 ]
[ 128 0 0 1 0.0606061 0.686567 0.0606061 0.0298507 1 0 ]
[ 64 0 0 1 0.0606061 0.626866 0.0606061 0.0298507 1 0 ]
[ 128 0 0 1 0.0606061 0.80597 0.0606061 0.0298507 1 0 ]
[ 255 64 64 1 0.0606061 0.746269 0.0606061 0.0298507 1 0 ]
[ 0 0 0 1 0.181818 0.776119 0.0606061 0.0597015 1 0 ]
[ 0 0 0 1 0.181818 0.895522 0.0606061 0.0597015 1 0 ]
[ 128 0 0 1 0.0606061 0.925373 0.0606061 0.0298507 1 0 ]
[ 0 0 0 1 0.0606061 0.865672 0.0606061 0.0298507 1 0 ]
[ 191 0 0 1 0.272727 0.0298507 0.042855 0.0211077 1 2.35619 ]
[ 0 0 0 1 0.30303 0.0597015 0.0857099 0.0211077 1 2.35619 ]
[ 64 0 0 1 0.333333 0.0895522 0.042855 0.0211077 1 2.35619 ]
[ 191 0 0 1 0.424242 0.0895522 0.0606061 0.0298507 1 0 ]
[ 0 0 0 1 0.424242 0.0298507 0.0606061 0.0298507 1 0 ]
[ 64 0 0 1 0.393939 0.179104 0.030303 0.0597015 1 0 ]
[ 64 0 0 1 0.454545 0.179104 0.030303 0.0597015 1 0 ]
[ 64 0 0 1 0.272727 0.149254 0.042855 0.0211077 1 2.35619 ]
[ 64 0 0 1 0.30303 0.179104 0.0857099 0.0211077 1 2.35619 ]
[ 255 128 64 1 0.333333 0.208955 0.042855 0.0211077 1 2.35619 ]
[ 191 0 0 1 0.333333 0.268657 0.042855 0.0211077 1 0.785398 ]
[ 191 0 0 1 0.30303 0.298507 0.0857099 0.0211077 1 0.785398 ]
[ 255 64 64 1 0.272727 0.328358 0.042855 0.0211077 1 0.785398 ]
[ 64 0 0 1 0.424242 0.328358 0.0606061 0.0298507 1 0 ]
[ 128 0 0 1 0.424242 0.268657 0.0606061 0.0298507 1 0 ]
[ 128 0 0 1 0.393939 0.38806 0.042855 0.0211077 1 2.35619 ]
[ 64 0 0 1 0.424242 0.41791 0.0857099 0.0211077 1 2.35619 ]
[ 0 0 0 1 0.454545 0.447761 0.042855 0.0211077 1 2.35619 ]
[ 128 0 0 1 0.272727 0.41791 0.030303 0.0597015 1 0 ]
[ 128 0 0 1 0.333333 0.41791 0.030303 0.0597015 1 0 ]
[ 64 0 0 1 0.30303 0.567164 0.0606061 0.0298507 1 0 ]
[ 64 0 0 1 0.30303 0.507463 0.0606061 0.0298507 1 0 ]
[ 255 0 0 1 0.424242 0.567164 0.0606061 0.0298507 1 0 ]
[ 0 0 0 1 0.424242 0.507463 0.0606061 0.0298507 1 0 ]
[ 191 0 0 1 0.393939 0.656716 0.030303 0.0597015 1 0 ]
[ 0 0 0 1 0.454545 0.656716 0.030303 0.0597015 1 0 ]
[ 128 0 0 1 0.30303 0.686567 0.0606061 0.0298507 1 0 ]
[ 255 64 0 1 0.30303 0.626866 0.0606061 0.0298507 1 0 ]
[ 191 0 0 1 0.333333 0.746269 0.042855 0.0211077 1 0.785398 ]
[ 0 0 0 1 0.30303 0.776119 0.0857099 0.0211077 1 0.785398 ]
[ 64 0 0 1 0.272727 0.80597 0.042855 0.0211077 1 0.785398 ]
[ 128 0 0 1 0.393939 0.746269 0.042855 0.0211077 1 2.35619 ]
[ 0 0 0 1 0.424242 0.776119 0.0857099 0.0211077 1 2.35619 ]
[ 128 0 0 1 0.454545 0.80597 0.042855 0.0211077 1 2.35619 ]
[ 128 0 0 1 0.424242 0.925373 0.0606061 0.0298507 1 0 ]
[ 191 0 0 1 0.424242 0.865672 0.0606061 0.0298507 1 0 ]
[ 64 0 0 1 0.30303 0.925373 0.0606061 0.0298507 1 0 ]
[ 128 0 0 1 0.30303 0.865672 0.0606061 0.0298507 1 0 ]
[ 128 0 0 1 0.545455 0.0895522 0.0606061 0.0298507 1 0 ]
[ 0 0 0 1 0.545455 0.0298507 0.0606061 0.0298507 1 0 ]
[ 64 0 0 1 0.69697 0.0298507 0.042855 0.0211077 1 0.785398 ]
[ 64 0 0 1 0.666667 0.0597015 0.0857099 0.0211077 1 0.785398 ]
[ 128 0 0 1 0.636364 0.0895522 0.042855 0.0211077 1 0.785398 ]
[ 64 0 0 1 0.69697 0.149254 0.042855 0.0211077 1 0.785398 ]
[ 64 0 0 1 0.666667 0.179104 0.0857099 0.0211077 1 0.785398 ]
[ 255 64 64 1 0.636364 0.208955 0.042855 0.0211077 1 0.785398 ]
[ 64 0 0 1 0.545455 0.208955 0.0606061 0.0298507 1 0 ]
[ 64 0 0 1 0.545455 0.149254 0.0606061 0.0298507 1 0 ]
[ 64 0 0 1 0.545455 0.328358 0.0606061 0.0298507 1 0 ]
[ 255 0 0 1 0.545455 0.268657 0.0606061 0.0298507 1 0 ]
[ 191 0 0 1 0.636364 0.268657 0.042855 0.0211077 1 2.35619 ]
[ 191 0 0 1 0.666667 0.298507 0.0857099 0.0211077 1 2.35619 ]
[ 191 0 0 1 0.69697 0.328358 0.042855 0.0211077 1 2.35619 ]
[ 191 0 0 1 0.69697 0.38806 0.042855 0.0211077 1 0.785398 ]
[ 64 0 0 1 0.666667 0.41791 0.0857099 0.0211077 1 0.785398 ]
[ 0 0 0 1 0.636364 0.447761 0.042855 0.0211077 1 0.785398 ]
[ 64 0 0 1 0.545455 0.447761 0.0606061 0.0298507 1 0 ]
[ 64 0 0 1 0.545455 0.38806 0.0606061 0.0298507 1 0 ]
[ 128 0 0 1 0.575758 0.507463 0.042855 0.0211077 1 0.785398 ]
[ 191 0 0 1 0.545455 0.537313 0.0857099 0.0211077 1 0.785398 ]
[ 128 0 0 1 0.515152 0.567164 0.042855 0.0211077 1 0.785398 ]
[ 0 0 0 1 0.666667 0.537313 0.0606061 0.0597015 1 0 ]
[ 64 0 0 1 0.636364 0.626866 0.042855 0.0211077 1 2.35619 ]
[ 64 0 0 1 0.666667 0.656716 0.0857099 0.0211077 1 2.35619 ]
[ 64 0 0 1 0.69697 0.686567 0.042855 0.0211077 1 2.35619 ]
[ 64 0 0 1 0.575758 0.626866 0.042855 0.0211077 1 0.785398 ]
[ 128 0 0 1 0.545455 0.656716 0.0857099 0.0211077 1 0.785398 ]
[ 191 0 0 1 0.515152 0.686567 0.042855 0.0211077 1 0.785398 ]
[ 64 0 0 1 0.545455 0.80597 0.0606061 0.0298507 1 0 ]
[ 64 0 0 1 0.545455 0.746269 0.0606061 0.0298507 1 0 ]
[ 191 0 0 1 0.636364 0.746269 0.042855 0.0211077 1 2.35619 ]
[ 191 0 0 1 0.666667 0.776119 0.0857099 0.0211077 1 2.35619 ]
[ 128 0 0 1 0.69697 0.80597 0.042855 0.0211077 1 2.35619 ]
[ 191 0 0 1 0.666667 0.925373 0.0606061 0.0298507 1 0 ]
[ 128 0 0 1 0.666667 0.865672 0.0606061 0.0298507 1 0 ]
[ 128 0 0 1 0.515152 0.865672 0.030303 0.0298507 1 0 ]
[ 0 0 0 1 0.575758 0.865672 0.030303 0.0298507 1 0 ]
[ 64 0 0 1 0.575758 0.925373 0.030303 0.0298507 1 0 ]
[ 64 0 0 1 0.515152 0.925373 0.030303 0.0298507 1 0 ]
[ 255 64 64 1 0.787879 0.0895522 0.0606061 0.0298507 1 0 ]
[ 255 64 0 1 0.787879 0.0298507 0.0606061 0.0298507 1 0 ]
[ 255 0 0 1 0.909091 0.0895522 0.0606061 0.0298507 1 0 ]
[ 64 0 0 1 0.909091 0.0298507 0.0606061 0.0298507 1 0 ]
[ 64 0 0 1 0.909091 0.208955 0.0606061 0.0298507 1 0 ]
[ 255 0 0 1 0.909091 0.149254 0.0606061 0.0298507 1 0 ]
[ 191 0 0 1 0.787879 0.208955 0.0606061 0.0298507 1 0 ]
[ 191 0 0 1 0.787879 0.149254 0.0606061 0.0298507 1 0 ]
[ 64 0 0 1 0.787879 0.328358 0.0606061 0.0298507 1 0 ]
[ 191 0 0 1 0.787879 0.268657 0.0606061 0.0298507 1 0 ]
[ 0 0 0 1 0.909091 0.328358 0.0606061 0.0298507 1 0 ]
[ 191 0 0 1 0.909091 0.268657 0.0606061 0.0298507 1 0 ]
[ 0 0 0 1 0.909091 0.447761 0.0606061 0.0298507 1 0 ]
[ 128 0 0 1 0.909091 0.38806 0.0606061 0.0298507 1 0 ]
[ 64 0 0 1 0.757576 0.38806 0.042855 0.0211077 1 2.35619 ]
[ 128 0 0 1 0.787879 0.41791 0.0857099 0.0211077 1 2.35619 ]
[ 255 191 128 1 0.818182 0.447761 0.042855 0.0211077 1 2.35619 ]
[ 0 0 0 1 0.787879 0.537313 0.0606061 0.0597015 1 0 ]
[ 128 0 0 1 0.909091 0.567164 0.0606061 0.0298507 1 0 ]
[ 128 0 0 1 0.909091 0.507463 0.0606061 0.0298507 1 0 ]
[ 64 0 0 1 0.909091 0.686567 0.0606061 0.0298507 1 0 ]
[ 191 0 0 1 0.909091 0.626866 0.0606061 0.0298507 1 0 ]
[ 191 0 0 1 0.818182 0.626866 0.042855 0.0211077 1 0.785398 ]
[ 0 0 0 1 0.787879 0.656716 0.0857099 0.0211077 1 0.785398 ]
[ 0 0 0 1 0.757576 0.686567 0.042855 0.0211077 1 0.785398 ]
[ 64 0 0 1 0.757576 0.776119 0.030303 0.0597015 1 0 ]
[ 191 64 64 1 0.818182 0.776119 0.030303 0.0597015 1 0 ]
[ 0 0 0 1 0.909091 0.776119 0.0606061 0.0597015 1 0 ]
[ 128 0 0 1 0.939394 0.865672 0.042855 0.0211077 1 0.785398 ]
[ 128 0 0 1 0.909091 0.895522 0.0857099 0.0211077 1 0.785398 ]
[ 255 0 0 1 0.878788 0.925373 0.042855 0.0211077 1 0.785398 ]
[ 0 0 0 1 0.787879 0.895522 0.0606061 0.0597015 1 0 ]
