[ 46 101 157 1 0.03125 0.0327869 0.03125 0.0327869 1 0 ]
[ 44 102 158 1 0.09375 0.0327869 0.03125 0.0327869 1 0 ]
[ 60 119 177 1 0.09375 0.0983607 0.03125 0.0327869 1 0 ]
[ 47 104 159 1 0.03125 0.0983607 0.03125 0.0327869 1 0 ]
[ 57 115 174 1 0.15625 0.0327869 0.03125 0.0327869 1 0 ]
[ 57 113 173 1 0.21875 0.0327869 0.03125 0.0327869 1 0 ]
[ 56 117 181 1 0.21875 0.0983607 0.03125 0.0327869 1 0 ]
[ 46 106 168 1 0.15625 0.0983607 0.03125 0.0327869 1 0 ]
[ 62 122 185 1 0.15625 0.163934 0.03125 0.0327869 1 0 ]
[ 72 133 199 1 0.21875 0.163934 0.03125 0.0327869 1 0 ]
[ 63 122 184 1 0.21875 0.229508 0.03125 0.0327869 1 0 ]
[ 54 114 177 1 0.15625 0.229508 0.03125 0.0327869 1 0 ]
[ 42 95 149 1 0.03125 0.163934 0.03125 0.0327869 1 0 ]
[ 43 101 158 1 0.09375 0.163934 0.03125 0.0327869 1 0 ]
[ 48 107 167 1 0.09375 0.229508 0.03125 0.0327869 1 0 ]
[ 50 109 172 1 0.03125 0.229508 0.03125 0.0327869 1 0 ]
[ 66 127 194 1 0.03125 0.295082 0.03125 0.0327869 1 0 ]
[ 58 118 181 1 0.09375 0.295082 0.03125 0.0327869 1 0 ]
[ 64 123 187 1 0.09375 0.360656 0.03125 0.0327869 1 0 ]
[ 63 124 189 1 0.03125 0.360656 0.03125 0.0327869 1 0 ]
[ 42 97 162 1 0.15625 0.295082 0.03125 0.0327869 1 0 ]
[ 42 95 146 1 0.21875 0.295082 0.03125 0.0327869 1 0 ]
[ 31 80 128 1 0.21875 0.360656 0.03125 0.0327869 1 0 ]
[ 33 85 138 1 0.15625 0.360656 0.03125 0.0327869 1 0 ]
[ 55 109 167 1 0.15625 0.42623 0.03125 0.0327869 1 0 ]
[ 44 99 153 1 0.21875 0.42623 0.03125 0.0327869 1 0 ]
[ 71 130 200 1 0.21875 0.491803 0.03125 0.0327869 1 0 ]
[ 77 136 204 1 0.15625 0.491803 0.03125 0.0327869 1 0 ]
[ 38 91 145 1 0.03125 0.42623 0.03125 0.0327869 1 0 ]
[ 50 107 167 1 0.09375 0.42623 0.03125 0.0327869 1 0 ]
[ 64 125 195 1 0.09375 0.491803 0.03125 0.0327869 1 0 ]
[ 52 110 175 1 0.03125 0.491803 0.03125 0.0327869 1 0 ]
[ 73 133 205 1 0.03125 0.557377 0.03125 0.0327869 1 0 ]
[ 84 144 217 1 0.09375 0.557377 0.03125 0.0327869 1 0 ]
[ 68 128 201 1 0.09375 0.622951 0.03125 0.0327869 1 0 ]
[ 67 127 197 1 0.03125 0.622951 0.03125 0.0327869 1 0 ]
[ 87 147 219 1 0.15625 0.557377 0.03125 0.0327869 1 0 ]
[ 81 141 213 1 0.21875 0.557377 0.03125 0.0327869 1 0 ]
[ 70 133 203 1 0.21875 0.622951 0.03125 0.0327869 1 0 ]
[ 70 131 201 1 0.15625 0.622951 0.03125 0.0327869 1 0 ]
[ 64 124 187 1 0.15625 0.688525 0.03125 0.0327869 1 0 ]
[ 45 106 173 1 0.21875 0.688525 0.03125 0.0327869 1 0 ]
[ 38 88 141 1 0.21875 0.754098 0.03125 0.0327869 1 0 ]
[ 50 102 159 1 0.15625 0.754098 0.03125 0.0327869 1 0 ]
[ 39 94 152 1 0.03125 0.688525 0.03125 0.0327869 1 0 ]
[ 45 106 163 1 0.09375 0.688525 0.03125 0.0327869 1 0 ]
[ 51 106 170 1 0.09375 0.754098 0.03125 0.0327869 1 0 ]
[ 52 113 178 1 0.03125 0.754098 0.03125 0.0327869 1 0 ]
[ 62 123 185 1 0.28125 0.0327869 0.03125 0.0327869 1 0 ]
[ 49 106 165 1 0.34375 0.0327869 0.03125 0.0327869 1 0 ]
[ 62 122 186 1 0.34375 0.0983607 0.03125 0.0327869 1 0 ]
[ 64 125 191 1 0.28125 0.0983607 0.03125 0.0327869 1 0 ]
[ 26 76 124 1 0.40625 0.0327869 0.03125 0.0327869 1 0 ]
[ 42 95 147 1 0.46875 0.0327869 0.03125 0.0327869 1 0 ]
[ 40 92 137 1 0.46875 0.0983607 0.03125 0.0327869 1 0 ]
[ 62 122 183 1 0.40625 0.0983607 0.03125 0.0327869 1 0 ]
[ 59 119 179 1 0.40625 0.163934 0.03125 0.0327869 1 0 ]
[ 44 100 152 1 0.46875 0.163934 0.03125 0.0327869 1 0 ]
[ 48 106 169 1 0.46875 0.229508 0.03125 0.0327869 1 0 ]
[ 55 115 172 1 0.40625 0.229508 0.03125 0.0327869 1 0 ]
[ 63 125 187 1 0.28125 0.163934 0.03125 0.0327869 1 0 ]
[ 49 109 169 1 0.34375 0.163934 0.03125 0.0327869 1 0 ]
[ 56 117 179 1 0.34375 0.229508 0.03125 0.0327869 1 0 ]
[ 55 113 173 1 0.28125 0.229508 0.03125 0.0327869 1 0 ]
[ 52 107 163 1 0.28125 0.295082 0.03125 0.0327869 1 0 ]
[ 47 105 171 1 0.34375 0.295082 0.03125 0.0327869 1 0 ]
[ 69 129 201 1 0.34375 0.360656 0.03125 0.0327869 1 0 ]
[ 53 106 163 1 0.28125 0.360656 0.03125 0.0327869 1 0 ]
[ 72 135 202 1 0.40625 0.295082 0.03125 0.0327869 1 0 ]
[ 84 144 217 1 0.46875 0.295082 0.03125 0.0327869 1 0 ]
[ 82 142 215 1 0.46875 0.360656 0.03125 0.0327869 1 0 ]
[ 78 138 210 1 0.40625 0.360656 0.03125 0.0327869 1 0 ]
[ 53 108 170 1 0.40625 0.42623 0.03125 0.0327869 1 0 ]
[ 69 126 192 1 0.46875 0.42623 0.03125 0.0327869 1 0 ]
[ 28 83 142 1 0.46875 0.491803 0.03125 0.0327869 1 0 ]
[ 39 95 154 1 0.40625 0.491803 0.03125 0.0327869 1 0 ]
[ 40 91 147 1 0.28125 0.42623 0.03125 0.0327869 1 0 ]
[ 46 103 161 1 0.34375 0.42623 0.03125 0.0327869 1 0 ]
[ 45 102 160 1 0.34375 0.491803 0.03125 0.0327869 1 0 ]
[ 60 121 183 1 0.28125 0.491803 0.03125 0.0327869 1 0 ]
[ 68 127 195 1 0.28125 0.557377 0.03125 0.0327869 1 0 ]
[ 67 126 195 1 0.34375 0.557377 0.03125 0.0327869 1 0 ]
[ 67 130 200 1 0.34375 0.622951 0.03125 0.0327869 1 0 ]
[ 73 134 203 1 0.28125 0.622951 0.03125 0.0327869 1 0 ]
[ 65 126 191 1 0.40625 0.557377 0.03125 0.0327869 1 0 ]
[ 58 118 180 1 0.46875 0.557377 0.03125 0.0327869 1 0 ]
[ 70 130 200 1 0.46875 0.622951 0.03125 0.0327869 1 0 ]
[ 68 132 202 1 0.40625 0.622951 0.03125 0.0327869 1 0 ]
[ 66 126 199 1 0.40625 0.688525 0.03125 0.0327869 1 0 ]
[ 72 132 204 1 0.46875 0.688525 0.03125 0.0327869 1 0 ]
[ 65 125 188 1 0.46875 0.754098 0.03125 0.0327869 1 0 ]
[ 56 116 178 1 0.40625 0.754098 0.03125 0.0327869 1 0 ]
[ 63 125 194 1 0.28125 0.688525 0.03125 0.0327869 1 0 ]
[ 77 136 208 1 0.34375 0.688525 0.03125 0.0327869 1 0 ]
[ 63 121 185 1 0.34375 0.754098 0.03125 0.0327869 1 0 ]
[ 48 104 168 1 0.28125 0.754098 0.03125 0.0327869 1 0 ]
[ 33 85 131 1 0.53125 0.0327869 0.03125 0.0327869 1 0 ]
[ 58 103 149 1 0.59375 0.0327869 0.03125 0.0327869 1 0 ]
[ 36 85 125 1 0.59375 0.0983607 0.03125 0.0327869 1 0 ]
[ 31 78 121 1 0.53125 0.0983607 0.03125 0.0327869 1 0 ]
[ 44 99 154 1 0.65625 0.0327869 0.03125 0.0327869 1 0 ]
[ 57 116 175 1 0.71875 0.0327869 0.03125 0.0327869 1 0 ]
[ 41 94 146 1 0.71875 0.0983607 0.03125 0.0327869 1 0 ]
[ 36 90 132 1 0.65625 0.0983607 0.03125 0.0327869 1 0 ]
[ 46 99 150 1 0.65625 0.163934 0.03125 0.0327869 1 0 ]
[ 65 126 192 1 0.71875 0.163934 0.03125 0.0327869 1 0 ]
[ 49 111 179 1 0.71875 0.229508 0.03125 0.0327869 1 0 ]
[ 61 122 192 1 0.65625 0.229508 0.03125 0.0327869 1 0 ]
[ 47 97 145 1 0.53125 0.163934 0.03125 0.0327869 1 0 ]
[ 23 62 98 1 0.59375 0.163934 0.03125 0.0327869 1 0 ]
[ 66 126 190 1 0.59375 0.229508 0.03125 0.0327869 1 0 ]
[ 56 115 178 1 0.53125 0.229508 0.03125 0.0327869 1 0 ]
[ 96 156 229 1 0.53125 0.295082 0.03125 0.0327869 1 0 ]
[ 84 144 217 1 0.59375 0.295082 0.03125 0.0327869 1 0 ]
[ 87 147 220 1 0.59375 0.360656 0.03125 0.0327869 1 0 ]
[ 90 149 225 1 0.53125 0.360656 0.03125 0.0327869 1 0 ]
[ 89 149 221 1 0.65625 0.295082 0.03125 0.0327869 1 0 ]
[ 64 126 193 1 0.71875 0.295082 0.03125 0.0327869 1 0 ]
[ 79 141 214 1 0.71875 0.360656 0.03125 0.0327869 1 0 ]
[ 80 142 215 1 0.65625 0.360656 0.03125 0.0327869 1 0 ]
[ 70 131 202 1 0.65625 0.42623 0.03125 0.0327869 1 0 ]
[ 81 141 213 1 0.71875 0.42623 0.03125 0.0327869 1 0 ]
[ 59 119 182 1 0.71875 0.491803 0.03125 0.0327869 1 0 ]
[ 50 105 162 1 0.65625 0.491803 0.03125 0.0327869 1 0 ]
[ 55 116 181 1 0.53125 0.42623 0.03125 0.0327869 1 0 ]
[ 49 109 173 1 0.59375 0.42623 0.03125 0.0327869 1 0 ]
[ 44 99 151 1 0.59375 0.491803 0.03125 0.0327869 1 0 ]
[ 56 111 171 1 0.53125 0.491803 0.03125 0.0327869 1 0 ]
[ 55 115 177 1 0.53125 0.557377 0.03125 0.0327869 1 0 ]
[ 41 94 142 1 0.59375 0.557377 0.03125 0.0327869 1 0 ]
[ 39 97 158 1 0.59375 0.622951 0.03125 0.0327869 1 0 ]
[ 60 121 187 1 0.53125 0.622951 0.03125 0.0327869 1 0 ]
[ 53 113 178 1 0.65625 0.557377 0.03125 0.0327869 1 0 ]
[ 65 127 198 1 0.71875 0.557377 0.03125 0.0327869 1 0 ]
[ 67 129 200 1 0.71875 0.622951 0.03125 0.0327869 1 0 ]
[ 55 116 179 1 0.65625 0.622951 0.03125 0.0327869 1 0 ]
[ 79 139 211 1 0.65625 0.688525 0.03125 0.0327869 1 0 ]
[ 83 143 215 1 0.71875 0.688525 0.03125 0.0327869 1 0 ]
[ 64 125 192 1 0.71875 0.754098 0.03125 0.0327869 1 0 ]
[ 71 132 203 1 0.65625 0.754098 0.03125 0.0327869 1 0 ]
[ 62 122 192 1 0.53125 0.688525 0.03125 0.0327869 1 0 ]
[ 72 132 204 1 0.59375 0.688525 0.03125 0.0327869 1 0 ]
[ 77 137 207 1 0.59375 0.754098 0.03125 0.0327869 1 0 ]
[ 71 132 200 1 0.53125 0.754098 0.03125 0.0327869 1 0 ]
[ 51 111 172 1 0.78125 0.0327869 0.03125 0.0327869 1 0 ]
[ 58 115 170 1 0.84375 0.0327869 0.03125 0.0327869 1 0 ]
[ 56 117 180 1 0.84375 0.0983607 0.03125 0.0327869 1 0 ]
[ 54 114 176 1 0.78125 0.0983607 0.03125 0.0327869 1 0 ]
[ 44 101 155 1 0.90625 0.0327869 0.03125 0.0327869 1 0 ]
[ 44 102 158 1 0.96875 0.0327869 0.03125 0.0327869 1 0 ]
[ 52 113 177 1 0.96875 0.0983607 0.03125 0.0327869 1 0 ]
[ 53 114 175 1 0.90625 0.0983607 0.03125 0.0327869 1 0 ]
[ 80 142 216 1 0.90625 0.163934 0.03125 0.0327869 1 0 ]
[ 70 132 205 1 0.96875 0.163934 0.03125 0.0327869 1 0 ]
[ 68 128 199 1 0.96875 0.229508 0.03125 0.0327869 1 0 ]
[ 72 132 205 1 0.90625 0.229508 0.03125 0.0327869 1 0 ]
[ 63 126 198 1 0.78125 0.163934 0.03125 0.0327869 1 0 ]
[ 77 141 213 1 0.84375 0.163934 0.03125 0.0327869 1 0 ]
[ 69 131 204 1 0.84375 0.229508 0.03125 0.0327869 1 0 ]
[ 66 124 198 1 0.78125 0.229508 0.03125 0.0327869 1 0 ]
[ 60 120 184 1 0.78125 0.295082 0.03125 0.0327869 1 0 ]
[ 45 105 167 1 0.84375 0.295082 0.03125 0.0327869 1 0 ]
[ 60 121 188 1 0.84375 0.360656 0.03125 0.0327869 1 0 ]
[ 78 136 210 1 0.78125 0.360656 0.03125 0.0327869 1 0 ]
[ 38 92 150 1 0.90625 0.295082 0.03125 0.0327869 1 0 ]
[ 52 111 170 1 0.96875 0.295082 0.03125 0.0327869 1 0 ]
[ 41 94 145 1 0.96875 0.360656 0.03125 0.0327869 1 0 ]
[ 7 55 96 1 0.90625 0.360656 0.03125 0.0327869 1 0 ]
[ 61 120 184 1 0.90625 0.42623 0.03125 0.0327869 1 0 ]
[ 48 108 171 1 0.96875 0.42623 0.03125 0.0327869 1 0 ]
[ 78 137 213 1 0.96875 0.491803 0.03125 0.0327869 1 0 ]
[ 89 147 224 1 0.90625 0.491803 0.03125 0.0327869 1 0 ]
[ 54 114 184 1 0.78125 0.42623 0.03125 0.0327869 1 0 ]
[ 51 112 179 1 0.84375 0.42623 0.03125 0.0327869 1 0 ]
[ 83 146 222 1 0.84375 0.491803 0.03125 0.0327869 1 0 ]
[ 61 122 192 1 0.78125 0.491803 0.03125 0.0327869 1 0 ]
[ 85 147 222 1 0.78125 0.557377 0.03125 0.0327869 1 0 ]
[ 92 151 231 1 0.84375 0.557377 0.03125 0.0327869 1 0 ]
[ 77 138 208 1 0.84375 0.622951 0.03125 0.0327869 1 0 ]
[ 83 142 217 1 0.78125 0.622951 0.03125 0.0327869 1 0 ]
[ 100 159 238 1 0.90625 0.557377 0.03125 0.0327869 1 0 ]
[ 92 149 228 1 0.96875 0.557377 0.03125 0.0327869 1 0 ]
[ 75 137 209 1 0.96875 0.622951 0.03125 0.0327869 1 0 ]
[ 59 118 187 1 0.90625 0.622951 0.03125 0.0327869 1 0 ]
[ 48 105 164 1 0.90625 0.688525 0.03125 0.0327869 1 0 ]
[ 65 125 189 1 0.96875 0.688525 0.03125 0.0327869 1 0 ]
[ 35 83 126 1 0.96875 0.754098 0.03125 0.0327869 1 0 ]
[ 16 49 76 1 0.90625 0.754098 0.03125 0.0327869 1 0 ]
[ 70 130 200 1 0.78125 0.688525 0.03125 0.0327869 1 0 ]
[ 56 115 182 1 0.84375 0.688525 0.03125 0.0327869 1 0 ]
[ 50 105 168 1 0.84375 0.754098 0.03125 0.0327869 1 0 ]
[ 62 121 185 1 0.78125 0.754098 0.03125 0.0327869 1 0 ]
