[ 255 64 64 1 0.0606061 0.0597015 0.0857099 0.0422153 1 2.35619 ]
[ 0 0 0 1 0.121212 0.119403 0.17142 0.0422153 1 2.35619 ]
[ 0 0 0 1 0.181818 0.179104 0.0857099 0.0422153 1 2.35619 ]
[ 0 0 0 1 0.181818 0.298507 0.0857099 0.0422153 1 0.785398 ]
[ 128 0 0 1 0.121212 0.358209 0.17142 0.0422153 1 0.785398 ]
[ 255 64 64 1 0.0606061 0.41791 0.0857099 0.0422153 1 0.785398 ]
[ 191 0 0 1 0.121212 0.656716 0.121212 0.0597015 1 0 ]
[ 0 0 0 1 0.121212 0.537313 0.121212 0.0597015 1 0 ]
[ 64 0 0 1 0.121212 0.895522 0.121212 0.0597015 1 0 ]
[ 0 0 0 1 0.121212 0.776119 0.121212 0.0597015 1 0 ]
[ 128 0 0 1 0.363636 0.179104 0.121212 0.0597015 1 0 ]
[ 0 0 0 1 0.363636 0.0597015 0.121212 0.0597015 1 0 ]
[ 128 0 0 1 0.363636 0.41791 0.121212 0.0597015 1 0 ]
[ 64 0 0 1 0.363636 0.298507 0.121212 0.0597015 1 0 ]
[ 191 0 0 1 0.363636 0.656716 0.121212 0.0597015 1 0 ]
[ 128 0 0 1 0.363636 0.537313 0.121212 0.0597015 1 0 ]
[ 128 0 0 1 0.30303 0.835821 0.0606061 0.119403 1 0 ]
[ 128 0 0 1 0.424242 0.835821 0.0606061 0.119403 1 0 ]
[ 255 0 0 1 0.606061 0.179104 0.121212 0.0597015 1 0 ]
[ 191 0 0 1 0.606061 0.0597015 0.121212 0.0597015 1 0 ]
[ 64 0 0 1 0.606061 0.41791 0.121212 0.0597015 1 0 ]
[ 128 0 0 1 0.606061 0.298507 0.121212 0.0597015 1 0 ]
[ 128 0 0 1 0.606061 0.656716 0.121212 0.0597015 1 0 ]
[ 191 0 0 1 0.606061 0.537313 0.121212 0.0597015 1 0 ]
[ 128 0 0 1 0.606061 0.895522 0.121212 0.0597015 1 0 ]
[ 64 0 0 1 0.606061 0.776119 0.121212 0.0597015 1 0 ]
[ 128 0 0 1 0.848485 0.179104 0.121212 0.0597015 1 0 ]
[ 191 0 0 1 0.848485 0.0597015 0.121212 0.0597015 1 0 ]
[ 255 0 0 1 0.848485 0.41791 0.121212 0.0597015 1 0 ]
[ 191 0 0 1 0.848485 0.298507 0.121212 0.0597015 1 0 ]
[ 0 0 0 1 0.848485 0.656716 0.121212 0.0597015 1 0 ]
[ 64 0 0 1 0.848485 0.537313 0.121212 0.0597015 1 0 ]
[ 64 0 0 1 0.848485 0.895522 0.121212 0.0597015 1 0 ]
[ 128 0 0 1 0.848485 0.776119 0.121212 0.0597015 1 0 ]
