[ 64 0 0 1 0.0151515 0.0149254 0.0151515 0.0149254 1 0 ]
[ 191 0 0 1 0.0454545 0.0149254 0.0151515 0.0149254 1 0 ]
[ 128 0 0 1 0.0454545 0.0447761 0.0151515 0.0149254 1 0 ]
[ 64 0 0 1 0.0151515 0.0447761 0.0151515 0.0149254 1 0 ]
[ 191 0 0 1 0.0757576 0.0298507 0.0151515 0.0298507 1 0 ]
[ 128 0 0 1 0.106061 0.0298507 0.0151515 0.0298507 1 0 ]
[ 191 0 0 1 0.0757576 0.0746269 0.0151515 0.0149254 1 0 ]
[ 191 0 0 1 0.106061 0.0746269 0.0151515 0.0149254 1 0 ]
[ 64 0 0 1 0.106061 0.104478 0.0151515 0.0149254 1 0 ]
[ 191 0 0 1 0.0757576 0.104478 0.0151515 0.0149254 1 0 ]
[ 64 0 0 1 0.0454545 0.0746269 0.0214275 0.0105538 1 0.785398 ]
[ 0 0 0 1 0.030303 0.0895522 0.042855 0.0105538 1 0.785398 ]
[ 0 0 0 1 0.0151515 0.104478 0.0214275 0.0105538 1 0.785398 ]
[ 128 0 0 1 0.151515 0.0447761 0.030303 0.0149254 1 0 ]
[ 255 0 0 1 0.151515 0.0149254 0.030303 0.0149254 1 0 ]
[ 128 0 0 1 0.19697 0.0149254 0.0214275 0.0105538 1 2.35619 ]
[ 64 0 0 1 0.212121 0.0298507 0.042855 0.0105538 1 2.35619 ]
[ 191 0 0 1 0.227273 0.0447761 0.0214275 0.0105538 1 2.35619 ]
[ 128 0 0 1 0.227273 0.0746269 0.0214275 0.0105538 1 0.785398 ]
[ 0 0 0 1 0.212121 0.0895522 0.042855 0.0105538 1 0.785398 ]
[ 128 0 0 1 0.19697 0.104478 0.0214275 0.0105538 1 0.785398 ]
[ 64 0 0 1 0.151515 0.104478 0.030303 0.0149254 1 0 ]
[ 128 0 0 1 0.151515 0.0746269 0.030303 0.0149254 1 0 ]
[ 0 0 0 1 0.151515 0.149254 0.030303 0.0298507 1 0 ]
[ 0 0 0 1 0.212121 0.149254 0.030303 0.0298507 1 0 ]
[ 0 0 0 1 0.212121 0.208955 0.030303 0.0298507 1 0 ]
[ 255 64 64 1 0.136364 0.19403 0.0214275 0.0105538 1 2.35619 ]
[ 64 0 0 1 0.151515 0.208955 0.042855 0.0105538 1 2.35619 ]
[ 0 0 0 1 0.166667 0.223881 0.0214275 0.0105538 1 2.35619 ]
[ 128 0 0 1 0.030303 0.164179 0.030303 0.0149254 1 0 ]
[ 0 0 0 1 0.030303 0.134328 0.030303 0.0149254 1 0 ]
[ 128 0 0 1 0.0757576 0.134328 0.0214275 0.0105538 1 2.35619 ]
[ 64 0 0 1 0.0909091 0.149254 0.042855 0.0105538 1 2.35619 ]
[ 64 0 0 1 0.106061 0.164179 0.0214275 0.0105538 1 2.35619 ]
[ 64 0 0 1 0.106061 0.19403 0.0214275 0.0105538 1 0.785398 ]
[ 0 0 0 1 0.0909091 0.208955 0.042855 0.0105538 1 0.785398 ]
[ 128 0 0 1 0.0757576 0.223881 0.0214275 0.0105538 1 0.785398 ]
[ 128 0 0 1 0.030303 0.223881 0.030303 0.0149254 1 0 ]
[ 128 0 0 1 0.030303 0.19403 0.030303 0.0149254 1 0 ]
[ 64 0 0 1 0.030303 0.283582 0.030303 0.0149254 1 0 ]
[ 191 0 0 1 0.030303 0.253731 0.030303 0.0149254 1 0 ]
[ 255 128 64 1 0.0757576 0.253731 0.0214275 0.0105538 1 2.35619 ]
[ 64 0 0 1 0.0909091 0.268657 0.042855 0.0105538 1 2.35619 ]
[ 0 0 0 1 0.106061 0.283582 0.0214275 0.0105538 1 2.35619 ]
[ 255 64 64 1 0.0909091 0.343284 0.030303 0.0149254 1 0 ]
[ 128 0 0 1 0.0909091 0.313433 0.030303 0.0149254 1 0 ]
[ 128 0 0 1 0.0151515 0.328358 0.0151515 0.0298507 1 0 ]
[ 191 0 0 1 0.0454545 0.328358 0.0151515 0.0298507 1 0 ]
[ 0 0 0 1 0.151515 0.268657 0.030303 0.0298507 1 0 ]
[ 0 0 0 1 0.19697 0.268657 0.0151515 0.0298507 1 0 ]
[ 128 0 0 1 0.227273 0.268657 0.0151515 0.0298507 1 0 ]
[ 191 0 0 1 0.227273 0.313433 0.0214275 0.0105538 1 0.785398 ]
[ 128 0 0 1 0.212121 0.328358 0.042855 0.0105538 1 0.785398 ]
[ 64 0 0 1 0.19697 0.343284 0.0214275 0.0105538 1 0.785398 ]
[ 64 0 0 1 0.151515 0.343284 0.030303 0.0149254 1 0 ]
[ 64 0 0 1 0.151515 0.313433 0.030303 0.0149254 1 0 ]
[ 128 0 0 1 0.136364 0.373134 0.0214275 0.0105538 1 2.35619 ]
[ 191 0 0 1 0.151515 0.38806 0.042855 0.0105538 1 2.35619 ]
[ 255 64 64 1 0.166667 0.402985 0.0214275 0.0105538 1 2.35619 ]
[ 128 0 0 1 0.19697 0.38806 0.0151515 0.0298507 1 0 ]
[ 128 0 0 1 0.227273 0.38806 0.0151515 0.0298507 1 0 ]
[ 0 0 0 1 0.212121 0.447761 0.030303 0.0298507 1 0 ]
[ 64 0 0 1 0.151515 0.462687 0.030303 0.0149254 1 0 ]
[ 191 0 0 1 0.151515 0.432836 0.030303 0.0149254 1 0 ]
[ 191 0 0 1 0.0151515 0.38806 0.0151515 0.0298507 1 0 ]
[ 128 0 0 1 0.0454545 0.38806 0.0151515 0.0298507 1 0 ]
[ 128 0 0 1 0.106061 0.373134 0.0214275 0.0105538 1 0.785398 ]
[ 64 0 0 1 0.0909091 0.38806 0.042855 0.0105538 1 0.785398 ]
[ 255 0 0 1 0.0757576 0.402985 0.0214275 0.0105538 1 0.785398 ]
[ 255 0 0 1 0.0757576 0.432836 0.0151515 0.0149254 1 0 ]
[ 128 0 0 1 0.106061 0.432836 0.0151515 0.0149254 1 0 ]
[ 191 0 0 1 0.106061 0.462687 0.0151515 0.0149254 1 0 ]
[ 255 64 64 1 0.0757576 0.462687 0.0151515 0.0149254 1 0 ]
[ 255 0 0 1 0.0454545 0.432836 0.0214275 0.0105538 1 0.785398 ]
[ 191 0 0 1 0.030303 0.447761 0.042855 0.0105538 1 0.785398 ]
[ 255 64 64 1 0.0151515 0.462687 0.0214275 0.0105538 1 0.785398 ]
[ 191 0 0 1 0.0454545 0.492537 0.0214275 0.0105538 1 0.785398 ]
[ 191 0 0 1 0.030303 0.507463 0.042855 0.0105538 1 0.785398 ]
[ 191 0 0 1 0.0151515 0.522388 0.0214275 0.0105538 1 0.785398 ]
[ 191 0 0 1 0.0909091 0.522388 0.030303 0.0149254 1 0 ]
[ 255 0 0 1 0.0909091 0.492537 0.030303 0.0149254 1 0 ]
[ 64 0 0 1 0.0757576 0.552239 0.0151515 0.0149254 1 0 ]
[ 64 0 0 1 0.106061 0.552239 0.0151515 0.0149254 1 0 ]
[ 64 0 0 1 0.106061 0.58209 0.0151515 0.0149254 1 0 ]
[ 191 0 0 1 0.0757576 0.58209 0.0151515 0.0149254 1 0 ]
[ 64 0 0 1 0.0151515 0.567164 0.0151515 0.0298507 1 0 ]
[ 255 0 0 1 0.0454545 0.567164 0.0151515 0.0298507 1 0 ]
[ 0 0 0 1 0.151515 0.507463 0.030303 0.0298507 1 0 ]
[ 0 0 0 1 0.212121 0.507463 0.030303 0.0298507 1 0 ]
[ 0 0 0 1 0.212121 0.567164 0.030303 0.0298507 1 0 ]
[ 128 0 0 1 0.166667 0.552239 0.0214275 0.0105538 1 0.785398 ]
[ 64 0 0 1 0.151515 0.567164 0.042855 0.0105538 1 0.785398 ]
[ 191 0 0 1 0.136364 0.58209 0.0214275 0.0105538 1 0.785398 ]
[ 0 0 0 1 0.166667 0.61194 0.0214275 0.0105538 1 0.785398 ]
[ 0 0 0 1 0.151515 0.626866 0.042855 0.0105538 1 0.785398 ]
[ 191 0 0 1 0.136364 0.641791 0.0214275 0.0105538 1 0.785398 ]
[ 0 0 0 1 0.212121 0.626866 0.030303 0.0298507 1 0 ]
[ 0 0 0 1 0.212121 0.686567 0.030303 0.0298507 1 0 ]
[ 255 0 0 1 0.136364 0.671642 0.0214275 0.0105538 1 2.35619 ]
[ 191 0 0 1 0.151515 0.686567 0.042855 0.0105538 1 2.35619 ]
[ 191 0 0 1 0.166667 0.701493 0.0214275 0.0105538 1 2.35619 ]
[ 0 0 0 1 0.0151515 0.61194 0.0214275 0.0105538 1 2.35619 ]
[ 64 0 0 1 0.030303 0.626866 0.042855 0.0105538 1 2.35619 ]
[ 255 64 64 1 0.0454545 0.641791 0.0214275 0.0105538 1 2.35619 ]
[ 191 0 0 1 0.0909091 0.641791 0.030303 0.0149254 1 0 ]
[ 64 0 0 1 0.0909091 0.61194 0.030303 0.0149254 1 0 ]
[ 64 0 0 1 0.0909091 0.701493 0.030303 0.0149254 1 0 ]
[ 191 0 0 1 0.0909091 0.671642 0.030303 0.0149254 1 0 ]
[ 191 0 0 1 0.0454545 0.671642 0.0214275 0.0105538 1 0.785398 ]
[ 64 0 0 1 0.030303 0.686567 0.042855 0.0105538 1 0.785398 ]
[ 128 0 0 1 0.0151515 0.701493 0.0214275 0.0105538 1 0.785398 ]
[ 64 0 0 1 0.0151515 0.746269 0.0151515 0.0298507 1 0 ]
[ 128 0 0 1 0.0454545 0.746269 0.0151515 0.0298507 1 0 ]
[ 191 0 0 1 0.0909091 0.761194 0.030303 0.0149254 1 0 ]
[ 128 0 0 1 0.0909091 0.731343 0.030303 0.0149254 1 0 ]
[ 64 0 0 1 0.0909091 0.820895 0.030303 0.0149254 1 0 ]
[ 191 0 0 1 0.0909091 0.791045 0.030303 0.0149254 1 0 ]
[ 128 0 0 1 0.0454545 0.791045 0.0214275 0.0105538 1 0.785398 ]
[ 64 0 0 1 0.030303 0.80597 0.042855 0.0105538 1 0.785398 ]
[ 64 0 0 1 0.0151515 0.820895 0.0214275 0.0105538 1 0.785398 ]
[ 128 0 0 1 0.151515 0.761194 0.030303 0.0149254 1 0 ]
[ 128 0 0 1 0.151515 0.731343 0.030303 0.0149254 1 0 ]
[ 0 0 0 1 0.212121 0.746269 0.030303 0.0298507 1 0 ]
[ 0 0 0 1 0.212121 0.80597 0.030303 0.0298507 1 0 ]
[ 64 0 0 1 0.151515 0.820895 0.030303 0.0149254 1 0 ]
[ 191 0 0 1 0.151515 0.791045 0.030303 0.0149254 1 0 ]
[ 128 0 0 1 0.136364 0.850746 0.0214275 0.0105538 1 2.35619 ]
[ 64 0 0 1 0.151515 0.865672 0.042855 0.0105538 1 2.35619 ]
[ 128 0 0 1 0.166667 0.880597 0.0214275 0.0105538 1 2.35619 ]
[ 0 0 0 1 0.212121 0.865672 0.030303 0.0298507 1 0 ]
[ 0 0 0 1 0.212121 0.925373 0.030303 0.0298507 1 0 ]
[ 0 0 0 1 0.151515 0.925373 0.030303 0.0298507 1 0 ]
[ 0 0 0 1 0.030303 0.880597 0.030303 0.0149254 1 0 ]
[ 64 0 0 1 0.030303 0.850746 0.030303 0.0149254 1 0 ]
[ 64 0 0 1 0.0909091 0.880597 0.030303 0.0149254 1 0 ]
[ 64 0 0 1 0.0909091 0.850746 0.030303 0.0149254 1 0 ]
[ 255 64 64 1 0.0909091 0.940298 0.030303 0.0149254 1 0 ]
[ 64 0 0 1 0.0909091 0.910448 0.030303 0.0149254 1 0 ]
[ 64 0 0 1 0.0151515 0.925373 0.0151515 0.0298507 1 0 ]
[ 128 0 0 1 0.0454545 0.925373 0.0151515 0.0298507 1 0 ]
[ 64 0 0 1 0.257576 0.0149254 0.0214275 0.0105538 1 2.35619 ]
[ 191 0 0 1 0.272727 0.0298507 0.042855 0.0105538 1 2.35619 ]
[ 191 128 64 1 0.287879 0.0447761 0.0214275 0.0105538 1 2.35619 ]
[ 0 0 0 1 0.333333 0.0298507 0.030303 0.0298507 1 0 ]
[ 128 0 0 1 0.333333 0.104478 0.030303 0.0149254 1 0 ]
[ 0 0 0 1 0.333333 0.0746269 0.030303 0.0149254 1 0 ]
[ 128 0 0 1 0.272727 0.104478 0.030303 0.0149254 1 0 ]
[ 128 0 0 1 0.272727 0.0746269 0.030303 0.0149254 1 0 ]
[ 0 0 0 1 0.393939 0.0298507 0.030303 0.0298507 1 0 ]
[ 128 0 0 1 0.454545 0.0447761 0.030303 0.0149254 1 0 ]
[ 128 0 0 1 0.454545 0.0149254 0.030303 0.0149254 1 0 ]
[ 0 0 0 1 0.454545 0.0895522 0.030303 0.0298507 1 0 ]
[ 0 0 0 1 0.393939 0.0895522 0.030303 0.0298507 1 0 ]
[ 128 0 0 1 0.378788 0.149254 0.0151515 0.0298507 1 0 ]
[ 64 0 0 1 0.409091 0.149254 0.0151515 0.0298507 1 0 ]
[ 64 0 0 1 0.454545 0.164179 0.030303 0.0149254 1 0 ]
[ 64 0 0 1 0.454545 0.134328 0.030303 0.0149254 1 0 ]
[ 128 0 0 1 0.454545 0.223881 0.030303 0.0149254 1 0 ]
[ 64 0 0 1 0.454545 0.19403 0.030303 0.0149254 1 0 ]
[ 64 0 0 1 0.378788 0.19403 0.0214275 0.0105538 1 2.35619 ]
[ 64 0 0 1 0.393939 0.208955 0.042855 0.0105538 1 2.35619 ]
[ 64 0 0 1 0.409091 0.223881 0.0214275 0.0105538 1 2.35619 ]
[ 128 0 0 1 0.257576 0.134328 0.0214275 0.0105538 1 2.35619 ]
[ 64 0 0 1 0.272727 0.149254 0.042855 0.0105538 1 2.35619 ]
[ 64 0 0 1 0.287879 0.164179 0.0214275 0.0105538 1 2.35619 ]
[ 64 0 0 1 0.318182 0.134328 0.0151515 0.0149254 1 0 ]
[ 191 0 0 1 0.348485 0.134328 0.0151515 0.0149254 1 0 ]
[ 255 64 64 1 0.348485 0.164179 0.0151515 0.0149254 1 0 ]
[ 191 0 0 1 0.318182 0.164179 0.0151515 0.0149254 1 0 ]
[ 255 128 64 1 0.318182 0.19403 0.0151515 0.0149254 1 0 ]
[ 255 64 64 1 0.348485 0.19403 0.0151515 0.0149254 1 0 ]
[ 255 64 64 1 0.348485 0.223881 0.0151515 0.0149254 1 0 ]
[ 191 0 0 1 0.318182 0.223881 0.0151515 0.0149254 1 0 ]
[ 128 0 0 1 0.272727 0.223881 0.030303 0.0149254 1 0 ]
[ 0 0 0 1 0.272727 0.19403 0.030303 0.0149254 1 0 ]
[ 191 0 0 1 0.257576 0.253731 0.0151515 0.0149254 1 0 ]
[ 191 0 0 1 0.287879 0.253731 0.0151515 0.0149254 1 0 ]
[ 191 0 0 1 0.287879 0.283582 0.0151515 0.0149254 1 0 ]
[ 128 0 0 1 0.257576 0.283582 0.0151515 0.0149254 1 0 ]
[ 255 64 0 1 0.318182 0.253731 0.0151515 0.0149254 1 0 ]
[ 128 0 0 1 0.348485 0.253731 0.0151515 0.0149254 1 0 ]
[ 128 0 0 1 0.348485 0.283582 0.0151515 0.0149254 1 0 ]
[ 191 0 0 1 0.318182 0.283582 0.0151515 0.0149254 1 0 ]
[ 128 0 0 1 0.318182 0.313433 0.0214275 0.0105538 1 2.35619 ]
[ 64 0 0 1 0.333333 0.328358 0.042855 0.0105538 1 2.35619 ]
[ 128 0 0 1 0.348485 0.343284 0.0214275 0.0105538 1 2.35619 ]
[ 128 0 0 1 0.257576 0.313433 0.0151515 0.0149254 1 0 ]
[ 191 0 0 1 0.287879 0.313433 0.0151515 0.0149254 1 0 ]
[ 64 0 0 1 0.287879 0.343284 0.0151515 0.0149254 1 0 ]
[ 191 0 0 1 0.257576 0.343284 0.0151515 0.0149254 1 0 ]
[ 0 0 0 1 0.393939 0.268657 0.030303 0.0298507 1 0 ]
[ 64 0 0 1 0.439394 0.253731 0.0214275 0.0105538 1 2.35619 ]
[ 64 0 0 1 0.454545 0.268657 0.042855 0.0105538 1 2.35619 ]
[ 128 0 0 1 0.469697 0.283582 0.0214275 0.0105538 1 2.35619 ]
[ 0 0 0 1 0.469697 0.313433 0.0214275 0.0105538 1 0.785398 ]
[ 64 0 0 1 0.454545 0.328358 0.042855 0.0105538 1 0.785398 ]
[ 64 0 0 1 0.439394 0.343284 0.0214275 0.0105538 1 0.785398 ]
[ 64 0 0 1 0.409091 0.313433 0.0214275 0.0105538 1 0.785398 ]
[ 64 0 0 1 0.393939 0.328358 0.042855 0.0105538 1 0.785398 ]
[ 128 0 0 1 0.378788 0.343284 0.0214275 0.0105538 1 0.785398 ]
[ 128 0 0 1 0.409091 0.373134 0.0214275 0.0105538 1 0.785398 ]
[ 128 0 0 1 0.393939 0.38806 0.042855 0.0105538 1 0.785398 ]
[ 191 0 0 1 0.378788 0.402985 0.0214275 0.0105538 1 0.785398 ]
[ 0 0 0 1 0.454545 0.38806 0.030303 0.0298507 1 0 ]
[ 0 0 0 1 0.454545 0.447761 0.030303 0.0298507 1 0 ]
[ 191 0 0 1 0.393939 0.462687 0.030303 0.0149254 1 0 ]
[ 64 0 0 1 0.393939 0.432836 0.030303 0.0149254 1 0 ]
[ 128 0 0 1 0.272727 0.402985 0.030303 0.0149254 1 0 ]
[ 128 0 0 1 0.272727 0.373134 0.030303 0.0149254 1 0 ]
[ 128 0 0 1 0.348485 0.373134 0.0214275 0.0105538 1 0.785398 ]
[ 128 0 0 1 0.333333 0.38806 0.042855 0.0105538 1 0.785398 ]
[ 64 0 0 1 0.318182 0.402985 0.0214275 0.0105538 1 0.785398 ]
[ 128 0 0 1 0.318182 0.447761 0.0151515 0.0298507 1 0 ]
[ 191 0 0 1 0.348485 0.447761 0.0151515 0.0298507 1 0 ]
[ 128 0 0 1 0.272727 0.462687 0.030303 0.0149254 1 0 ]
[ 64 0 0 1 0.272727 0.432836 0.030303 0.0149254 1 0 ]
[ 0 0 0 1 0.272727 0.507463 0.030303 0.0298507 1 0 ]
[ 64 0 0 1 0.318182 0.492537 0.0214275 0.0105538 1 2.35619 ]
[ 0 0 0 1 0.333333 0.507463 0.042855 0.0105538 1 2.35619 ]
[ 128 0 0 1 0.348485 0.522388 0.0214275 0.0105538 1 2.35619 ]
[ 255 64 64 1 0.333333 0.58209 0.030303 0.0149254 1 0 ]
[ 191 0 0 1 0.333333 0.552239 0.030303 0.0149254 1 0 ]
[ 0 0 0 1 0.257576 0.552239 0.0214275 0.0105538 1 2.35619 ]
[ 128 0 0 1 0.272727 0.567164 0.042855 0.0105538 1 2.35619 ]
[ 128 0 0 1 0.287879 0.58209 0.0214275 0.0105538 1 2.35619 ]
[ 64 0 0 1 0.378788 0.492537 0.0151515 0.0149254 1 0 ]
[ 255 64 64 1 0.409091 0.492537 0.0151515 0.0149254 1 0 ]
[ 255 64 64 1 0.409091 0.522388 0.0151515 0.0149254 1 0 ]
[ 128 0 0 1 0.378788 0.522388 0.0151515 0.0149254 1 0 ]
[ 128 0 0 1 0.454545 0.522388 0.030303 0.0149254 1 0 ]
[ 64 0 0 1 0.454545 0.492537 0.030303 0.0149254 1 0 ]
[ 128 0 0 1 0.439394 0.567164 0.0151515 0.0298507 1 0 ]
[ 64 0 0 1 0.469697 0.567164 0.0151515 0.0298507 1 0 ]
[ 128 0 0 1 0.378788 0.552239 0.0214275 0.0105538 1 2.35619 ]
[ 128 0 0 1 0.393939 0.567164 0.042855 0.0105538 1 2.35619 ]
[ 255 64 64 1 0.409091 0.58209 0.0214275 0.0105538 1 2.35619 ]
[ 191 0 0 1 0.378788 0.61194 0.0151515 0.0149254 1 0 ]
[ 255 0 0 1 0.409091 0.61194 0.0151515 0.0149254 1 0 ]
[ 191 0 0 1 0.409091 0.641791 0.0151515 0.0149254 1 0 ]
[ 255 0 0 1 0.378788 0.641791 0.0151515 0.0149254 1 0 ]
[ 64 0 0 1 0.439394 0.626866 0.0151515 0.0298507 1 0 ]
[ 128 0 0 1 0.469697 0.626866 0.0151515 0.0298507 1 0 ]
[ 64 0 0 1 0.439394 0.671642 0.0214275 0.0105538 1 2.35619 ]
[ 0 0 0 1 0.454545 0.686567 0.042855 0.0105538 1 2.35619 ]
[ 128 0 0 1 0.469697 0.701493 0.0214275 0.0105538 1 2.35619 ]
[ 255 64 0 1 0.378788 0.671642 0.0214275 0.0105538 1 2.35619 ]
[ 191 0 0 1 0.393939 0.686567 0.042855 0.0105538 1 2.35619 ]
[ 128 0 0 1 0.409091 0.701493 0.0214275 0.0105538 1 2.35619 ]
[ 0 0 0 1 0.257576 0.626866 0.0151515 0.0298507 1 0 ]
[ 191 0 0 1 0.287879 0.626866 0.0151515 0.0298507 1 0 ]
[ 128 0 0 1 0.318182 0.61194 0.0151515 0.0149254 1 0 ]
[ 191 0 0 1 0.348485 0.61194 0.0151515 0.0149254 1 0 ]
[ 191 0 0 1 0.348485 0.641791 0.0151515 0.0149254 1 0 ]
[ 128 0 0 1 0.318182 0.641791 0.0151515 0.0149254 1 0 ]
[ 128 0 0 1 0.333333 0.701493 0.030303 0.0149254 1 0 ]
[ 191 0 0 1 0.333333 0.671642 0.030303 0.0149254 1 0 ]
[ 128 0 0 1 0.287879 0.671642 0.0214275 0.0105538 1 0.785398 ]
[ 64 0 0 1 0.272727 0.686567 0.042855 0.0105538 1 0.785398 ]
[ 0 0 0 1 0.257576 0.701493 0.0214275 0.0105538 1 0.785398 ]
[ 0 0 0 1 0.272727 0.761194 0.030303 0.0149254 1 0 ]
[ 128 0 0 1 0.272727 0.731343 0.030303 0.0149254 1 0 ]
[ 255 0 0 1 0.333333 0.761194 0.030303 0.0149254 1 0 ]
[ 255 64 64 1 0.333333 0.731343 0.030303 0.0149254 1 0 ]
[ 191 0 0 1 0.333333 0.820895 0.030303 0.0149254 1 0 ]
[ 255 64 64 1 0.333333 0.791045 0.030303 0.0149254 1 0 ]
[ 64 0 0 1 0.257576 0.791045 0.0214275 0.0105538 1 2.35619 ]
[ 64 0 0 1 0.272727 0.80597 0.042855 0.0105538 1 2.35619 ]
[ 128 0 0 1 0.287879 0.820895 0.0214275 0.0105538 1 2.35619 ]
[ 128 0 0 1 0.393939 0.761194 0.030303 0.0149254 1 0 ]
[ 128 0 0 1 0.393939 0.731343 0.030303 0.0149254 1 0 ]
[ 0 0 0 1 0.454545 0.746269 0.030303 0.0298507 1 0 ]
[ 191 0 0 1 0.454545 0.820895 0.030303 0.0149254 1 0 ]
[ 64 0 0 1 0.454545 0.791045 0.030303 0.0149254 1 0 ]
[ 128 0 0 1 0.378788 0.791045 0.0214275 0.0105538 1 2.35619 ]
[ 0 0 0 1 0.393939 0.80597 0.042855 0.0105538 1 2.35619 ]
[ 64 0 0 1 0.409091 0.820895 0.0214275 0.0105538 1 2.35619 ]
[ 191 0 0 1 0.378788 0.865672 0.0151515 0.0298507 1 0 ]
[ 128 0 0 1 0.409091 0.865672 0.0151515 0.0298507 1 0 ]
[ 64 0 0 1 0.454545 0.880597 0.030303 0.0149254 1 0 ]
[ 255 64 64 1 0.454545 0.850746 0.030303 0.0149254 1 0 ]
[ 128 0 0 1 0.454545 0.940298 0.030303 0.0149254 1 0 ]
[ 128 0 0 1 0.454545 0.910448 0.030303 0.0149254 1 0 ]
[ 64 0 0 1 0.393939 0.940298 0.030303 0.0149254 1 0 ]
[ 128 0 0 1 0.393939 0.910448 0.030303 0.0149254 1 0 ]
[ 128 0 0 1 0.272727 0.880597 0.030303 0.0149254 1 0 ]
[ 64 0 0 1 0.272727 0.850746 0.030303 0.0149254 1 0 ]
[ 64 0 0 1 0.348485 0.850746 0.0214275 0.0105538 1 0.785398 ]
[ 0 0 0 1 0.333333 0.865672 0.042855 0.0105538 1 0.785398 ]
[ 191 0 0 1 0.318182 0.880597 0.0214275 0.0105538 1 0.785398 ]
[ 128 0 0 1 0.318182 0.910448 0.0214275 0.0105538 1 2.35619 ]
[ 64 0 0 1 0.333333 0.925373 0.042855 0.0105538 1 2.35619 ]
[ 64 0 0 1 0.348485 0.940298 0.0214275 0.0105538 1 2.35619 ]
[ 0 0 0 1 0.272727 0.925373 0.030303 0.0298507 1 0 ]
[ 64 0 0 1 0.5 0.0149254 0.0214275 0.0105538 1 2.35619 ]
[ 64 0 0 1 0.515152 0.0298507 0.042855 0.0105538 1 2.35619 ]
[ 255 0 0 1 0.530303 0.0447761 0.0214275 0.0105538 1 2.35619 ]
[ 128 0 0 1 0.560606 0.0149254 0.0214275 0.0105538 1 2.35619 ]
[ 191 0 0 1 0.575758 0.0298507 0.042855 0.0105538 1 2.35619 ]
[ 191 0 0 1 0.590909 0.0447761 0.0214275 0.0105538 1 2.35619 ]
[ 191 0 0 1 0.590909 0.0746269 0.0214275 0.0105538 1 0.785398 ]
[ 128 0 0 1 0.575758 0.0895522 0.042855 0.0105538 1 0.785398 ]
[ 128 0 0 1 0.560606 0.104478 0.0214275 0.0105538 1 0.785398 ]
[ 128 0 0 1 0.5 0.0746269 0.0214275 0.0105538 1 2.35619 ]
[ 191 0 0 1 0.515152 0.0895522 0.042855 0.0105538 1 2.35619 ]
[ 191 0 0 1 0.530303 0.104478 0.0214275 0.0105538 1 2.35619 ]
[ 64 0 0 1 0.651515 0.0149254 0.0214275 0.0105538 1 0.785398 ]
[ 0 0 0 1 0.636364 0.0298507 0.042855 0.0105538 1 0.785398 ]
[ 64 0 0 1 0.621212 0.0447761 0.0214275 0.0105538 1 0.785398 ]
[ 0 0 0 1 0.69697 0.0447761 0.030303 0.0149254 1 0 ]
[ 128 0 0 1 0.69697 0.0149254 0.030303 0.0149254 1 0 ]
[ 64 0 0 1 0.69697 0.0895522 0.030303 0.0298507 1 0 ]
[ 191 0 0 1 0.621212 0.0895522 0.0151515 0.0298507 1 0 ]
[ 128 0 0 1 0.651515 0.0895522 0.0151515 0.0298507 1 0 ]
[ 128 0 0 1 0.621212 0.149254 0.0151515 0.0298507 1 0 ]
[ 128 0 0 1 0.651515 0.149254 0.0151515 0.0298507 1 0 ]
[ 64 0 0 1 0.69697 0.164179 0.030303 0.0149254 1 0 ]
[ 64 0 0 1 0.69697 0.134328 0.030303 0.0149254 1 0 ]
[ 0 0 0 1 0.69697 0.208955 0.030303 0.0298507 1 0 ]
[ 255 64 64 1 0.621212 0.19403 0.0151515 0.0149254 1 0 ]
[ 0 0 0 1 0.651515 0.19403 0.0151515 0.0149254 1 0 ]
[ 64 0 0 1 0.651515 0.223881 0.0151515 0.0149254 1 0 ]
[ 255 64 64 1 0.621212 0.223881 0.0151515 0.0149254 1 0 ]
[ 128 0 0 1 0.5 0.134328 0.0214275 0.0105538 1 2.35619 ]
[ 64 0 0 1 0.515152 0.149254 0.042855 0.0105538 1 2.35619 ]
[ 128 0 0 1 0.530303 0.164179 0.0214275 0.0105538 1 2.35619 ]
[ 128 0 0 1 0.560606 0.149254 0.0151515 0.0298507 1 0 ]
[ 255 0 0 1 0.590909 0.149254 0.0151515 0.0298507 1 0 ]
[ 128 0 0 1 0.575758 0.223881 0.030303 0.0149254 1 0 ]
[ 191 0 0 1 0.575758 0.19403 0.030303 0.0149254 1 0 ]
[ 64 0 0 1 0.515152 0.223881 0.030303 0.0149254 1 0 ]
[ 64 0 0 1 0.515152 0.19403 0.030303 0.0149254 1 0 ]
[ 191 0 0 1 0.530303 0.253731 0.0214275 0.0105538 1 0.785398 ]
[ 191 0 0 1 0.515152 0.268657 0.042855 0.0105538 1 0.785398 ]
[ 128 0 0 1 0.5 0.283582 0.0214275 0.0105538 1 0.785398 ]
[ 128 0 0 1 0.560606 0.268657 0.0151515 0.0298507 1 0 ]
[ 191 0 0 1 0.590909 0.268657 0.0151515 0.0298507 1 0 ]
[ 191 0 0 1 0.560606 0.328358 0.0151515 0.0298507 1 0 ]
[ 0 0 0 1 0.590909 0.328358 0.0151515 0.0298507 1 0 ]
[ 64 0 0 1 0.5 0.328358 0.0151515 0.0298507 1 0 ]
[ 128 0 0 1 0.530303 0.328358 0.0151515 0.0298507 1 0 ]
[ 64 0 0 1 0.621212 0.253731 0.0151515 0.0149254 1 0 ]
[ 255 128 64 1 0.651515 0.253731 0.0151515 0.0149254 1 0 ]
[ 191 0 0 1 0.651515 0.283582 0.0151515 0.0149254 1 0 ]
[ 128 0 0 1 0.621212 0.283582 0.0151515 0.0149254 1 0 ]
[ 0 0 0 1 0.69697 0.268657 0.030303 0.0298507 1 0 ]
[ 255 64 0 1 0.681818 0.328358 0.0151515 0.0298507 1 0 ]
[ 191 0 0 1 0.712121 0.328358 0.0151515 0.0298507 1 0 ]
[ 255 0 0 1 0.621212 0.313433 0.0151515 0.0149254 1 0 ]
[ 64 0 0 1 0.651515 0.313433 0.0151515 0.0149254 1 0 ]
[ 191 0 0 1 0.651515 0.343284 0.0151515 0.0149254 1 0 ]
[ 128 0 0 1 0.621212 0.343284 0.0151515 0.0149254 1 0 ]
[ 64 0 0 1 0.636364 0.402985 0.030303 0.0149254 1 0 ]
[ 191 0 0 1 0.636364 0.373134 0.030303 0.0149254 1 0 ]
[ 128 0 0 1 0.69697 0.402985 0.030303 0.0149254 1 0 ]
[ 191 0 0 1 0.69697 0.373134 0.030303 0.0149254 1 0 ]
[ 128 0 0 1 0.712121 0.432836 0.0214275 0.0105538 1 0.785398 ]
[ 0 0 0 1 0.69697 0.447761 0.042855 0.0105538 1 0.785398 ]
[ 64 0 0 1 0.681818 0.462687 0.0214275 0.0105538 1 0.785398 ]
[ 128 0 0 1 0.621212 0.447761 0.0151515 0.0298507 1 0 ]
[ 0 0 0 1 0.651515 0.447761 0.0151515 0.0298507 1 0 ]
[ 0 0 0 1 0.515152 0.38806 0.030303 0.0298507 1 0 ]
[ 0 0 0 1 0.575758 0.38806 0.030303 0.0298507 1 0 ]
[ 0 0 0 1 0.560606 0.447761 0.0151515 0.0298507 1 0 ]
[ 64 0 0 1 0.590909 0.447761 0.0151515 0.0298507 1 0 ]
[ 0 0 0 1 0.5 0.447761 0.0151515 0.0298507 1 0 ]
[ 128 0 0 1 0.530303 0.447761 0.0151515 0.0298507 1 0 ]
[ 128 0 0 1 0.5 0.492537 0.0214275 0.0105538 1 2.35619 ]
[ 64 0 0 1 0.515152 0.507463 0.042855 0.0105538 1 2.35619 ]
[ 255 0 0 1 0.530303 0.522388 0.0214275 0.0105538 1 2.35619 ]
[ 128 0 0 1 0.560606 0.492537 0.0214275 0.0105538 1 2.35619 ]
[ 128 0 0 1 0.575758 0.507463 0.042855 0.0105538 1 2.35619 ]
[ 255 64 64 1 0.590909 0.522388 0.0214275 0.0105538 1 2.35619 ]
[ 191 0 0 1 0.560606 0.552239 0.0214275 0.0105538 1 2.35619 ]
[ 128 0 0 1 0.575758 0.567164 0.042855 0.0105538 1 2.35619 ]
[ 191 0 0 1 0.590909 0.58209 0.0214275 0.0105538 1 2.35619 ]
[ 191 0 0 1 0.515152 0.58209 0.030303 0.0149254 1 0 ]
[ 191 0 0 1 0.515152 0.552239 0.030303 0.0149254 1 0 ]
[ 64 0 0 1 0.636364 0.522388 0.030303 0.0149254 1 0 ]
[ 64 0 0 1 0.636364 0.492537 0.030303 0.0149254 1 0 ]
[ 0 0 0 1 0.69697 0.507463 0.030303 0.0298507 1 0 ]
[ 0 0 0 1 0.69697 0.567164 0.030303 0.0298507 1 0 ]
[ 0 0 0 1 0.636364 0.567164 0.030303 0.0298507 1 0 ]
[ 64 0 0 1 0.636364 0.641791 0.030303 0.0149254 1 0 ]
[ 128 0 0 1 0.636364 0.61194 0.030303 0.0149254 1 0 ]
[ 0 0 0 1 0.69697 0.626866 0.030303 0.0298507 1 0 ]
[ 64 0 0 1 0.681818 0.671642 0.0214275 0.0105538 1 2.35619 ]
[ 64 0 0 1 0.69697 0.686567 0.042855 0.0105538 1 2.35619 ]
[ 128 0 0 1 0.712121 0.701493 0.0214275 0.0105538 1 2.35619 ]
[ 191 0 0 1 0.636364 0.701493 0.030303 0.0149254 1 0 ]
[ 64 0 0 1 0.636364 0.671642 0.030303 0.0149254 1 0 ]
[ 0 0 0 1 0.515152 0.641791 0.030303 0.0149254 1 0 ]
[ 191 0 0 1 0.515152 0.61194 0.030303 0.0149254 1 0 ]
[ 128 0 0 1 0.560606 0.61194 0.0214275 0.0105538 1 2.35619 ]
[ 64 0 0 1 0.575758 0.626866 0.042855 0.0105538 1 2.35619 ]
[ 191 0 0 1 0.590909 0.641791 0.0214275 0.0105538 1 2.35619 ]
[ 64 0 0 1 0.560606 0.686567 0.0151515 0.0298507 1 0 ]
[ 255 0 0 1 0.590909 0.686567 0.0151515 0.0298507 1 0 ]
[ 191 0 0 1 0.5 0.671642 0.0214275 0.0105538 1 2.35619 ]
[ 191 0 0 1 0.515152 0.686567 0.042855 0.0105538 1 2.35619 ]
[ 128 0 0 1 0.530303 0.701493 0.0214275 0.0105538 1 2.35619 ]
[ 0 0 0 1 0.515152 0.746269 0.030303 0.0298507 1 0 ]
[ 64 0 0 1 0.560606 0.731343 0.0214275 0.0105538 1 2.35619 ]
[ 64 0 0 1 0.575758 0.746269 0.042855 0.0105538 1 2.35619 ]
[ 64 0 0 1 0.590909 0.761194 0.0214275 0.0105538 1 2.35619 ]
[ 64 0 0 1 0.560606 0.80597 0.0151515 0.0298507 1 0 ]
[ 64 0 0 1 0.590909 0.80597 0.0151515 0.0298507 1 0 ]
[ 0 0 0 1 0.5 0.80597 0.0151515 0.0298507 1 0 ]
[ 128 0 0 1 0.530303 0.80597 0.0151515 0.0298507 1 0 ]
[ 191 0 0 1 0.621212 0.731343 0.0214275 0.0105538 1 2.35619 ]
[ 191 0 0 1 0.636364 0.746269 0.042855 0.0105538 1 2.35619 ]
[ 191 0 0 1 0.651515 0.761194 0.0214275 0.0105538 1 2.35619 ]
[ 64 0 0 1 0.681818 0.746269 0.0151515 0.0298507 1 0 ]
[ 64 0 0 1 0.712121 0.746269 0.0151515 0.0298507 1 0 ]
[ 64 0 0 1 0.712121 0.791045 0.0214275 0.0105538 1 0.785398 ]
[ 128 0 0 1 0.69697 0.80597 0.042855 0.0105538 1 0.785398 ]
[ 255 0 0 1 0.681818 0.820895 0.0214275 0.0105538 1 0.785398 ]
[ 128 0 0 1 0.651515 0.791045 0.0214275 0.0105538 1 0.785398 ]
[ 64 0 0 1 0.636364 0.80597 0.042855 0.0105538 1 0.785398 ]
[ 191 0 0 1 0.621212 0.820895 0.0214275 0.0105538 1 0.785398 ]
[ 128 0 0 1 0.636364 0.880597 0.030303 0.0149254 1 0 ]
[ 191 0 0 1 0.636364 0.850746 0.030303 0.0149254 1 0 ]
[ 128 0 0 1 0.681818 0.865672 0.0151515 0.0298507 1 0 ]
[ 128 0 0 1 0.712121 0.865672 0.0151515 0.0298507 1 0 ]
[ 128 0 0 1 0.681818 0.925373 0.0151515 0.0298507 1 0 ]
[ 0 0 0 1 0.712121 0.925373 0.0151515 0.0298507 1 0 ]
[ 191 0 0 1 0.651515 0.910448 0.0214275 0.0105538 1 0.785398 ]
[ 64 0 0 1 0.636364 0.925373 0.042855 0.0105538 1 0.785398 ]
[ 128 0 0 1 0.621212 0.940298 0.0214275 0.0105538 1 0.785398 ]
[ 128 0 0 1 0.5 0.850746 0.0214275 0.0105538 1 2.35619 ]
[ 128 0 0 1 0.515152 0.865672 0.042855 0.0105538 1 2.35619 ]
[ 128 0 0 1 0.530303 0.880597 0.0214275 0.0105538 1 2.35619 ]
[ 128 0 0 1 0.560606 0.865672 0.0151515 0.0298507 1 0 ]
[ 64 0 0 1 0.590909 0.865672 0.0151515 0.0298507 1 0 ]
[ 191 0 0 1 0.560606 0.910448 0.0214275 0.0105538 1 2.35619 ]
[ 64 0 0 1 0.575758 0.925373 0.042855 0.0105538 1 2.35619 ]
[ 191 0 0 1 0.590909 0.940298 0.0214275 0.0105538 1 2.35619 ]
[ 128 0 0 1 0.530303 0.910448 0.0214275 0.0105538 1 0.785398 ]
[ 64 0 0 1 0.515152 0.925373 0.042855 0.0105538 1 0.785398 ]
[ 64 0 0 1 0.5 0.940298 0.0214275 0.0105538 1 0.785398 ]
[ 128 0 0 1 0.742424 0.0298507 0.0151515 0.0298507 1 0 ]
[ 191 0 0 1 0.772727 0.0298507 0.0151515 0.0298507 1 0 ]
[ 191 0 0 1 0.80303 0.0298507 0.0151515 0.0298507 1 0 ]
[ 255 0 0 1 0.833333 0.0298507 0.0151515 0.0298507 1 0 ]
[ 255 128 64 1 0.80303 0.0895522 0.0151515 0.0298507 1 0 ]
[ 191 0 0 1 0.833333 0.0895522 0.0151515 0.0298507 1 0 ]
[ 0 0 0 1 0.742424 0.0895522 0.0151515 0.0298507 1 0 ]
[ 64 0 0 1 0.772727 0.0895522 0.0151515 0.0298507 1 0 ]
[ 128 0 0 1 0.878788 0.0447761 0.030303 0.0149254 1 0 ]
[ 255 64 64 1 0.878788 0.0149254 0.030303 0.0149254 1 0 ]
[ 128 0 0 1 0.954545 0.0149254 0.0214275 0.0105538 1 0.785398 ]
[ 128 0 0 1 0.939394 0.0298507 0.042855 0.0105538 1 0.785398 ]
[ 128 0 0 1 0.924242 0.0447761 0.0214275 0.0105538 1 0.785398 ]
[ 191 0 0 1 0.924242 0.0895522 0.0151515 0.0298507 1 0 ]
[ 64 0 0 1 0.954545 0.0895522 0.0151515 0.0298507 1 0 ]
[ 191 0 0 1 0.863636 0.0895522 0.0151515 0.0298507 1 0 ]
[ 255 0 0 1 0.893939 0.0895522 0.0151515 0.0298507 1 0 ]
[ 255 64 0 1 0.893939 0.134328 0.0214275 0.0105538 1 0.785398 ]
[ 128 0 0 1 0.878788 0.149254 0.042855 0.0105538 1 0.785398 ]
[ 128 0 0 1 0.863636 0.164179 0.0214275 0.0105538 1 0.785398 ]
[ 191 0 0 1 0.924242 0.149254 0.0151515 0.0298507 1 0 ]
[ 191 0 0 1 0.954545 0.149254 0.0151515 0.0298507 1 0 ]
[ 0 0 0 1 0.954545 0.19403 0.0214275 0.0105538 1 0.785398 ]
[ 64 0 0 1 0.939394 0.208955 0.042855 0.0105538 1 0.785398 ]
[ 128 0 0 1 0.924242 0.223881 0.0214275 0.0105538 1 0.785398 ]
[ 191 0 0 1 0.878788 0.223881 0.030303 0.0149254 1 0 ]
[ 191 0 0 1 0.878788 0.19403 0.030303 0.0149254 1 0 ]
[ 128 0 0 1 0.772727 0.134328 0.0214275 0.0105538 1 0.785398 ]
[ 64 0 0 1 0.757576 0.149254 0.042855 0.0105538 1 0.785398 ]
[ 0 0 0 1 0.742424 0.164179 0.0214275 0.0105538 1 0.785398 ]
[ 191 0 0 1 0.80303 0.149254 0.0151515 0.0298507 1 0 ]
[ 128 0 0 1 0.833333 0.149254 0.0151515 0.0298507 1 0 ]
[ 128 0 0 1 0.833333 0.19403 0.0214275 0.0105538 1 0.785398 ]
[ 191 0 0 1 0.818182 0.208955 0.042855 0.0105538 1 0.785398 ]
[ 128 0 0 1 0.80303 0.223881 0.0214275 0.0105538 1 0.785398 ]
[ 0 0 0 1 0.742424 0.208955 0.0151515 0.0298507 1 0 ]
[ 128 0 0 1 0.772727 0.208955 0.0151515 0.0298507 1 0 ]
[ 0 0 0 1 0.742424 0.253731 0.0214275 0.0105538 1 2.35619 ]
[ 0 0 0 1 0.757576 0.268657 0.042855 0.0105538 1 2.35619 ]
[ 255 64 64 1 0.772727 0.283582 0.0214275 0.0105538 1 2.35619 ]
[ 128 0 0 1 0.818182 0.283582 0.030303 0.0149254 1 0 ]
[ 64 0 0 1 0.818182 0.253731 0.030303 0.0149254 1 0 ]
[ 191 0 0 1 0.818182 0.343284 0.030303 0.0149254 1 0 ]
[ 191 0 0 1 0.818182 0.313433 0.030303 0.0149254 1 0 ]
[ 255 0 0 1 0.772727 0.313433 0.0214275 0.0105538 1 0.785398 ]
[ 191 0 0 1 0.757576 0.328358 0.042855 0.0105538 1 0.785398 ]
[ 128 0 0 1 0.742424 0.343284 0.0214275 0.0105538 1 0.785398 ]
[ 191 0 0 1 0.863636 0.268657 0.0151515 0.0298507 1 0 ]
[ 64 0 0 1 0.893939 0.268657 0.0151515 0.0298507 1 0 ]
[ 64 0 0 1 0.924242 0.268657 0.0151515 0.0298507 1 0 ]
[ 128 0 0 1 0.954545 0.268657 0.0151515 0.0298507 1 0 ]
[ 128 0 0 1 0.954545 0.313433 0.0214275 0.0105538 1 0.785398 ]
[ 0 0 0 1 0.939394 0.328358 0.042855 0.0105538 1 0.785398 ]
[ 0 0 0 1 0.924242 0.343284 0.0214275 0.0105538 1 0.785398 ]
[ 64 0 0 1 0.893939 0.313433 0.0214275 0.0105538 1 0.785398 ]
[ 64 0 0 1 0.878788 0.328358 0.042855 0.0105538 1 0.785398 ]
[ 64 0 0 1 0.863636 0.343284 0.0214275 0.0105538 1 0.785398 ]
[ 191 0 0 1 0.893939 0.373134 0.0214275 0.0105538 1 0.785398 ]
[ 64 0 0 1 0.878788 0.38806 0.042855 0.0105538 1 0.785398 ]
[ 128 0 0 1 0.863636 0.402985 0.0214275 0.0105538 1 0.785398 ]
[ 64 0 0 1 0.924242 0.38806 0.0151515 0.0298507 1 0 ]
[ 64 0 0 1 0.954545 0.38806 0.0151515 0.0298507 1 0 ]
[ 64 0 0 1 0.939394 0.462687 0.030303 0.0149254 1 0 ]
[ 64 0 0 1 0.939394 0.432836 0.030303 0.0149254 1 0 ]
[ 64 0 0 1 0.893939 0.432836 0.0214275 0.0105538 1 0.785398 ]
[ 64 0 0 1 0.878788 0.447761 0.042855 0.0105538 1 0.785398 ]
[ 128 0 0 1 0.863636 0.462687 0.0214275 0.0105538 1 0.785398 ]
[ 64 0 0 1 0.742424 0.373134 0.0214275 0.0105538 1 2.35619 ]
[ 64 0 0 1 0.757576 0.38806 0.042855 0.0105538 1 2.35619 ]
[ 191 0 0 1 0.772727 0.402985 0.0214275 0.0105538 1 2.35619 ]
[ 128 0 0 1 0.80303 0.373134 0.0151515 0.0149254 1 0 ]
[ 255 128 128 1 0.833333 0.373134 0.0151515 0.0149254 1 0 ]
[ 128 0 0 1 0.833333 0.402985 0.0151515 0.0149254 1 0 ]
[ 64 0 0 1 0.80303 0.402985 0.0151515 0.0149254 1 0 ]
[ 64 0 0 1 0.80303 0.432836 0.0151515 0.0149254 1 0 ]
[ 191 0 0 1 0.833333 0.432836 0.0151515 0.0149254 1 0 ]
[ 128 0 0 1 0.833333 0.462687 0.0151515 0.0149254 1 0 ]
[ 64 0 0 1 0.80303 0.462687 0.0151515 0.0149254 1 0 ]
[ 0 0 0 1 0.757576 0.447761 0.030303 0.0298507 1 0 ]
[ 0 0 0 1 0.757576 0.507463 0.030303 0.0298507 1 0 ]
[ 64 0 0 1 0.833333 0.492537 0.0214275 0.0105538 1 0.785398 ]
[ 0 0 0 1 0.818182 0.507463 0.042855 0.0105538 1 0.785398 ]
[ 0 0 0 1 0.80303 0.522388 0.0214275 0.0105538 1 0.785398 ]
[ 64 0 0 1 0.80303 0.552239 0.0214275 0.0105538 1 2.35619 ]
[ 64 0 0 1 0.818182 0.567164 0.042855 0.0105538 1 2.35619 ]
[ 64 0 0 1 0.833333 0.58209 0.0214275 0.0105538 1 2.35619 ]
[ 0 0 0 1 0.757576 0.567164 0.030303 0.0298507 1 0 ]
[ 64 0 0 1 0.863636 0.492537 0.0214275 0.0105538 1 2.35619 ]
[ 0 0 0 1 0.878788 0.507463 0.042855 0.0105538 1 2.35619 ]
[ 191 0 0 1 0.893939 0.522388 0.0214275 0.0105538 1 2.35619 ]
[ 0 0 0 1 0.939394 0.507463 0.030303 0.0298507 1 0 ]
[ 128 0 0 1 0.954545 0.552239 0.0214275 0.0105538 1 0.785398 ]
[ 64 0 0 1 0.939394 0.567164 0.042855 0.0105538 1 0.785398 ]
[ 64 0 0 1 0.924242 0.58209 0.0214275 0.0105538 1 0.785398 ]
[ 128 0 0 1 0.878788 0.58209 0.030303 0.0149254 1 0 ]
[ 128 0 0 1 0.878788 0.552239 0.030303 0.0149254 1 0 ]
[ 128 0 0 1 0.893939 0.61194 0.0214275 0.0105538 1 0.785398 ]
[ 128 0 0 1 0.878788 0.626866 0.042855 0.0105538 1 0.785398 ]
[ 64 0 0 1 0.863636 0.641791 0.0214275 0.0105538 1 0.785398 ]
[ 128 0 0 1 0.924242 0.61194 0.0214275 0.0105538 1 2.35619 ]
[ 64 0 0 1 0.939394 0.626866 0.042855 0.0105538 1 2.35619 ]
[ 64 0 0 1 0.954545 0.641791 0.0214275 0.0105538 1 2.35619 ]
[ 255 0 64 1 0.939394 0.701493 0.030303 0.0149254 1 0 ]
[ 191 0 0 1 0.939394 0.671642 0.030303 0.0149254 1 0 ]
[ 64 0 0 1 0.878788 0.701493 0.030303 0.0149254 1 0 ]
[ 128 0 0 1 0.878788 0.671642 0.030303 0.0149254 1 0 ]
[ 0 0 0 1 0.757576 0.626866 0.030303 0.0298507 1 0 ]
[ 255 64 64 1 0.818182 0.641791 0.030303 0.0149254 1 0 ]
[ 128 0 0 1 0.818182 0.61194 0.030303 0.0149254 1 0 ]
[ 128 0 0 1 0.818182 0.701493 0.030303 0.0149254 1 0 ]
[ 64 0 0 1 0.818182 0.671642 0.030303 0.0149254 1 0 ]
[ 0 0 0 1 0.757576 0.686567 0.030303 0.0298507 1 0 ]
[ 0 0 0 1 0.772727 0.731343 0.0214275 0.0105538 1 0.785398 ]
[ 191 0 0 1 0.757576 0.746269 0.042855 0.0105538 1 0.785398 ]
[ 64 0 0 1 0.742424 0.761194 0.0214275 0.0105538 1 0.785398 ]
[ 128 0 0 1 0.818182 0.761194 0.030303 0.0149254 1 0 ]
[ 64 0 0 1 0.818182 0.731343 0.030303 0.0149254 1 0 ]
[ 64 0 0 1 0.818182 0.820895 0.030303 0.0149254 1 0 ]
[ 255 64 64 1 0.818182 0.791045 0.030303 0.0149254 1 0 ]
[ 64 0 0 1 0.757576 0.820895 0.030303 0.0149254 1 0 ]
[ 64 0 0 1 0.757576 0.791045 0.030303 0.0149254 1 0 ]
[ 128 0 0 1 0.863636 0.746269 0.0151515 0.0298507 1 0 ]
[ 64 0 0 1 0.893939 0.746269 0.0151515 0.0298507 1 0 ]
[ 0 0 0 1 0.939394 0.761194 0.030303 0.0149254 1 0 ]
[ 128 0 0 1 0.939394 0.731343 0.030303 0.0149254 1 0 ]
[ 0 0 0 1 0.939394 0.80597 0.030303 0.0298507 1 0 ]
[ 0 0 0 1 0.878788 0.80597 0.030303 0.0298507 1 0 ]
[ 0 0 0 1 0.878788 0.865672 0.030303 0.0298507 1 0 ]
[ 128 0 0 1 0.939394 0.880597 0.030303 0.0149254 1 0 ]
[ 128 0 0 1 0.939394 0.850746 0.030303 0.0149254 1 0 ]
[ 255 0 0 1 0.924242 0.925373 0.0151515 0.0298507 1 0 ]
[ 191 0 0 1 0.954545 0.925373 0.0151515 0.0298507 1 0 ]
[ 191 0 0 1 0.893939 0.910448 0.0214275 0.0105538 1 0.785398 ]
[ 255 0 0 1 0.878788 0.925373 0.042855 0.0105538 1 0.785398 ]
[ 255 0 0 1 0.863636 0.940298 0.0214275 0.0105538 1 0.785398 ]
[ 0 0 0 1 0.757576 0.865672 0.030303 0.0298507 1 0 ]
[ 64 0 0 1 0.818182 0.880597 0.030303 0.0149254 1 0 ]
[ 128 0 0 1 0.818182 0.850746 0.030303 0.0149254 1 0 ]
[ 128 0 0 1 0.818182 0.940298 0.030303 0.0149254 1 0 ]
[ 128 0 0 1 0.818182 0.910448 0.030303 0.0149254 1 0 ]
[ 0 0 0 1 0.757576 0.925373 0.030303 0.0298507 1 0 ]
