[ 160 64 65 1 2 3 2 1 1 0 ]
[ 224 114 113 1 2 1 2 1 1 0 ]
[ 224 100 100 1 5 1 0.707107 1.41421 1 2.35619 ]
[ 193 73 75 1 6 2 0.707107 2.82843 1 2.35619 ]
[ 152 32 33 1 7 3 0.707107 1.41421 1 2.35619 ]
[ 255 150 144 1 6 6 2 2 1 0 ]
[ 159 69 71 1 1 5 1 1 1 0 ]
[ 160 68 69 1 3 5 1 1 1 0 ]
[ 120 31 33 1 3 7 1 1 1 0 ]
[ 71 0 0 1 1 7 1 1 1 0 ]
[ 128 36 39 1 2 10 2 2 1 0 ]
[ 149 57 62 1 5 10 1 2 1 0 ]
[ 161 67 68 1 7 10 1 2 1 0 ]
[ 160 66 64 1 5 13 0.707107 1.41421 1 2.35619 ]
[ 114 28 27 1 6 14 0.707107 2.82843 1 2.35619 ]
[ 117 28 32 1 7 15 0.707107 1.41421 1 2.35619 ]
[ 202 92 91 1 2 14 2 2 1 0 ]
[ 211 111 109 1 2 18 2 2 1 0 ]
[ 176 72 79 1 6 18 2 2 1 0 ]
[ 199 98 102 1 6 22 2 2 1 0 ]
[ 191 54 61 1 2 22 2 2 1 0 ]
[ 153 22 27 1 2 26 2 2 1 0 ]
[ 175 65 66 1 5 25 0.707107 1.41421 1 2.35619 ]
[ 163 48 45 1 6 26 0.707107 2.82843 1 2.35619 ]
[ 153 28 26 1 7 27 0.707107 1.41421 1 2.35619 ]
[ 230 111 103 1 6 30 2 2 1 0 ]
[ 230 95 92 1 2 30 2 2 1 0 ]
[ 235 107 104 1 2 34 2 2 1 0 ]
[ 227 113 112 1 6 34 2 2 1 0 ]
[ 255 158 156 1 6 38 2 2 1 0 ]
[ 209 94 99 1 2 38 2 2 1 0 ]
[ 171 73 74 1 2 42 2 2 1 0 ]
[ 208 83 87 1 6 42 2 2 1 0 ]
[ 171 55 56 1 5 45 0.707107 1.41421 1 2.35619 ]
[ 144 21 26 1 6 46 0.707107 2.82843 1 2.35619 ]
[ 112 2 3 1 7 47 0.707107 1.41421 1 2.35619 ]
[ 173 73 73 1 2 46 2 2 1 0 ]
[ 123 27 29 1 2 50 2 2 1 0 ]
[ 232 126 126 1 6 50 2 2 1 0 ]
[ 197 93 94 1 6 54 2 2 1 0 ]
[ 142 53 59 1 2 54 2 2 1 0 ]
[ 111 24 30 1 1 57 0.707107 1.41421 1 2.35619 ]
[ 123 31 36 1 2 58 0.707107 2.82843 1 2.35619 ]
[ 120 25 31 1 3 59 0.707107 1.41421 1 2.35619 ]
[ 187 92 90 1 6 58 2 2 1 0 ]
[ 240 117 122 1 6 62 2 2 1 0 ]
[ 155 65 65 1 2 62 2 2 1 0 ]
[ 201 98 102 1 10 2 2 2 1 0 ]
[ 149 55 56 1 14 2 2 2 1 0 ]
[ 128 26 22 1 14 6 2 2 1 0 ]
[ 195 90 97 1 10 6 2 2 1 0 ]
[ 111 22 26 1 9 10 1 2 1 0 ]
[ 117 42 46 1 11 10 1 2 1 0 ]
[ 61 0 0 1 13 10 1 2 1 0 ]
[ 193 93 101 1 15 10 1 2 1 0 ]
[ 77 23 21 1 14 15 2 1 1 0 ]
[ 112 28 28 1 14 13 2 1 1 0 ]
[ 153 81 92 1 10 14 2 2 1 0 ]
[ 115 49 51 1 9 17 0.707107 1.41421 1 2.35619 ]
[ 101 43 42 1 10 18 0.707107 2.82843 1 2.35619 ]
[ 75 32 26 1 11 19 0.707107 1.41421 1 2.35619 ]
[ 75 11 12 1 14 18 2 2 1 0 ]
[ 187 77 78 1 14 22 2 2 1 0 ]
[ 149 61 60 1 10 22 2 2 1 0 ]
[ 214 100 99 1 10 26 2 2 1 0 ]
[ 190 77 73 1 14 26 2 2 1 0 ]
[ 132 50 52 1 14 30 2 2 1 0 ]
[ 167 48 50 1 9 29 0.707107 1.41421 1 2.35619 ]
[ 178 80 81 1 10 30 0.707107 2.82843 1 2.35619 ]
[ 98 23 20 1 11 31 0.707107 1.41421 1 2.35619 ]
[ 116 45 41 1 11 33 0.707107 1.41421 1 0.785398 ]
[ 118 32 31 1 10 34 0.707107 2.82843 1 0.785398 ]
[ 143 47 48 1 9 35 0.707107 1.41421 1 0.785398 ]
[ 86 31 28 1 13 33 0.707107 1.41421 1 2.35619 ]
[ 91 31 31 1 14 34 0.707107 2.82843 1 2.35619 ]
[ 90 31 33 1 15 35 0.707107 1.41421 1 2.35619 ]
[ 66 11 16 1 15 37 0.707107 1.41421 1 0.785398 ]
[ 68 11 17 1 14 38 0.707107 2.82843 1 0.785398 ]
[ 54 3 2 1 13 39 0.707107 1.41421 1 0.785398 ]
[ 168 83 80 1 10 38 2 2 1 0 ]
[ 112 24 23 1 11 41 0.707107 1.41421 1 0.785398 ]
[ 138 36 34 1 10 42 0.707107 2.82843 1 0.785398 ]
[ 223 100 102 1 9 43 0.707107 1.41421 1 0.785398 ]
[ 97 46 55 1 14 42 2 2 1 0 ]
[ 148 70 70 1 13 45 1 1 1 0 ]
[ 62 0 5 1 15 45 1 1 1 0 ]
[ 118 43 40 1 15 47 1 1 1 0 ]
[ 90 6 4 1 13 47 1 1 1 0 ]
[ 235 133 129 1 10 46 2 2 1 0 ]
[ 157 58 61 1 9 49 0.707107 1.41421 1 2.35619 ]
[ 173 74 79 1 10 50 0.707107 2.82843 1 2.35619 ]
[ 176 86 88 1 11 51 0.707107 1.41421 1 2.35619 ]
[ 120 38 42 1 14 51 2 1 1 0 ]
[ 154 68 67 1 14 49 2 1 1 0 ]
[ 128 56 60 1 14 55 2 1 1 0 ]
[ 87 16 24 1 14 53 2 1 1 0 ]
[ 205 114 119 1 10 54 2 2 1 0 ]
[ 145 51 52 1 10 58 2 2 1 0 ]
[ 58 2 11 1 14 59 2 1 1 0 ]
[ 89 19 27 1 14 57 2 1 1 0 ]
[ 57 8 12 1 14 63 2 1 1 0 ]
[ 67 24 33 1 14 61 2 1 1 0 ]
[ 126 34 39 1 10 62 2 2 1 0 ]
[ 217 126 125 1 18 2 2 2 1 0 ]
[ 170 71 74 1 21 1 0.707107 1.41421 1 2.35619 ]
[ 109 31 29 1 22 2 0.707107 2.82843 1 2.35619 ]
[ 97 27 27 1 23 3 0.707107 1.41421 1 2.35619 ]
[ 125 40 47 1 23 5 0.707107 1.41421 1 0.785398 ]
[ 161 75 74 1 22 6 0.707107 2.82843 1 0.785398 ]
[ 143 47 49 1 21 7 0.707107 1.41421 1 0.785398 ]
[ 223 118 125 1 18 6 2 2 1 0 ]
[ 176 77 80 1 18 10 2 2 1 0 ]
[ 255 179 166 1 22 10 2 2 1 0 ]
[ 252 185 168 1 22 14 2 2 1 0 ]
[ 144 40 49 1 17 13 0.707107 1.41421 1 2.35619 ]
[ 150 35 40 1 18 14 0.707107 2.82843 1 2.35619 ]
[ 195 69 73 1 19 15 0.707107 1.41421 1 2.35619 ]
[ 255 151 148 1 18 18 2 2 1 0 ]
[ 228 129 124 1 22 18 2 2 1 0 ]
[ 179 69 68 1 23 21 0.707107 1.41421 1 0.785398 ]
[ 162 43 45 1 22 22 0.707107 2.82843 1 0.785398 ]
[ 161 51 50 1 21 23 0.707107 1.41421 1 0.785398 ]
[ 255 162 158 1 18 22 2 2 1 0 ]
[ 193 79 78 1 18 26 2 2 1 0 ]
[ 183 64 66 1 22 26 2 2 1 0 ]
[ 201 97 98 1 22 30 2 2 1 0 ]
[ 160 50 53 1 18 30 2 2 1 0 ]
[ 131 52 55 1 18 34 2 2 1 0 ]
[ 113 8 13 1 23 33 0.707107 1.41421 1 0.785398 ]
[ 132 29 33 1 22 34 0.707107 2.82843 1 0.785398 ]
[ 119 23 27 1 21 35 0.707107 1.41421 1 0.785398 ]
[ 216 102 101 1 22 38 2 2 1 0 ]
[ 189 100 102 1 18 38 2 2 1 0 ]
[ 148 60 59 1 18 42 2 2 1 0 ]
[ 231 107 107 1 22 42 2 2 1 0 ]
[ 232 116 117 1 22 46 2 2 1 0 ]
[ 178 74 75 1 18 46 2 2 1 0 ]
[ 145 47 46 1 17 49 0.707107 1.41421 1 2.35619 ]
[ 149 45 46 1 18 50 0.707107 2.82843 1 2.35619 ]
[ 143 39 38 1 19 51 0.707107 1.41421 1 2.35619 ]
[ 228 116 114 1 22 50 2 2 1 0 ]
[ 251 141 142 1 22 54 2 2 1 0 ]
[ 154 58 59 1 18 54 2 2 1 0 ]
[ 172 78 76 1 18 58 2 2 1 0 ]
[ 240 127 121 1 21 57 0.707107 1.41421 1 2.35619 ]
[ 111 20 17 1 22 58 0.707107 2.82843 1 2.35619 ]
[ 88 8 7 1 23 59 0.707107 1.41421 1 2.35619 ]
[ 145 62 70 1 22 62 2 2 1 0 ]
[ 117 47 49 1 18 62 2 2 1 0 ]
[ 125 45 48 1 25 1 1 1 1 0 ]
[ 127 47 48 1 27 1 1 1 1 0 ]
[ 108 27 26 1 27 3 1 1 1 0 ]
[ 109 39 41 1 25 3 1 1 1 0 ]
[ 178 86 87 1 30 2 2 2 1 0 ]
[ 101 19 21 1 30 6 2 2 1 0 ]
[ 157 63 63 1 26 7 2 1 1 0 ]
[ 123 42 41 1 26 5 2 1 1 0 ]
[ 147 53 53 1 26 11 2 1 1 0 ]
[ 160 66 64 1 26 9 2 1 1 0 ]
[ 142 62 63 1 30 10 2 2 1 0 ]
[ 191 94 101 1 30 14 2 2 1 0 ]
[ 132 29 33 1 26 15 2 1 1 0 ]
[ 150 69 66 1 26 13 2 1 1 0 ]
[ 132 40 43 1 26 18 2 2 1 0 ]
[ 145 49 51 1 30 18 2 2 1 0 ]
[ 171 75 77 1 29 21 1 1 1 0 ]
[ 130 31 34 1 31 21 1 1 1 0 ]
[ 124 39 44 1 31 23 1 1 1 0 ]
[ 161 69 72 1 29 23 1 1 1 0 ]
[ 174 68 68 1 26 22 2 2 1 0 ]
[ 209 96 98 1 26 26 2 2 1 0 ]
[ 111 30 29 1 29 25 1 1 1 0 ]
[ 54 0 0 1 31 25 1 1 1 0 ]
[ 95 29 31 1 31 27 1 1 1 0 ]
[ 120 46 43 1 29 27 1 1 1 0 ]
[ 197 107 109 1 30 31 2 1 1 0 ]
[ 104 25 21 1 30 29 2 1 1 0 ]
[ 127 24 27 1 27 29 0.707107 1.41421 1 0.785398 ]
[ 192 88 85 1 26 30 0.707107 2.82843 1 0.785398 ]
[ 183 75 75 1 25 31 0.707107 1.41421 1 0.785398 ]
[ 224 115 118 1 26 34 2 2 1 0 ]
[ 192 89 92 1 30 35 2 1 1 0 ]
[ 142 43 46 1 30 33 2 1 1 0 ]
[ 116 3 7 1 30 39 2 1 1 0 ]
[ 171 58 60 1 30 37 2 1 1 0 ]
[ 193 75 73 1 27 37 0.707107 1.41421 1 0.785398 ]
[ 190 71 67 1 26 38 0.707107 2.82843 1 0.785398 ]
[ 219 80 83 1 25 39 0.707107 1.41421 1 0.785398 ]
[ 255 138 134 1 26 42 2 2 1 0 ]
[ 127 16 22 1 30 43 2 1 1 0 ]
[ 176 61 68 1 30 41 2 1 1 0 ]
[ 149 49 49 1 30 47 2 1 1 0 ]
[ 118 14 15 1 30 45 2 1 1 0 ]
[ 219 104 97 1 26 46 2 2 1 0 ]
[ 208 102 104 1 26 50 2 2 1 0 ]
[ 164 72 77 1 29 49 1 1 1 0 ]
[ 83 4 7 1 31 49 1 1 1 0 ]
[ 135 56 59 1 31 51 1 1 1 0 ]
[ 101 11 13 1 29 51 1 1 1 0 ]
[ 195 104 103 1 30 54 2 2 1 0 ]
[ 117 14 17 1 27 53 0.707107 1.41421 1 0.785398 ]
[ 127 18 23 1 26 54 0.707107 2.82843 1 0.785398 ]
[ 188 84 85 1 25 55 0.707107 1.41421 1 0.785398 ]
[ 186 78 76 1 26 58 2 2 1 0 ]
[ 229 129 129 1 30 58 2 2 1 0 ]
[ 194 94 94 1 30 62 2 2 1 0 ]
[ 196 95 99 1 25 61 0.707107 1.41421 1 2.35619 ]
[ 185 69 72 1 26 62 0.707107 2.82843 1 2.35619 ]
[ 143 29 29 1 27 63 0.707107 1.41421 1 2.35619 ]
[ 169 67 65 1 34 2 2 2 1 0 ]
[ 235 127 127 1 38 2 2 2 1 0 ]
[ 207 91 92 1 37 5 0.707107 1.41421 1 2.35619 ]
[ 189 80 75 1 38 6 0.707107 2.82843 1 2.35619 ]
[ 198 74 76 1 39 7 0.707107 1.41421 1 2.35619 ]
[ 226 127 130 1 34 6 2 2 1 0 ]
[ 167 73 74 1 34 10 2 2 1 0 ]
[ 222 104 100 1 38 10 2 2 1 0 ]
[ 169 48 53 1 38 14 2 2 1 0 ]
[ 145 48 42 1 33 14 1 2 1 0 ]
[ 128 18 19 1 35 14 1 2 1 0 ]
[ 231 111 113 1 34 18 2 2 1 0 ]
[ 153 38 45 1 38 18 2 2 1 0 ]
[ 200 104 105 1 37 21 1 1 1 0 ]
[ 123 25 22 1 39 21 1 1 1 0 ]
[ 111 7 8 1 39 23 1 1 1 0 ]
[ 170 67 70 1 37 23 1 1 1 0 ]
[ 152 49 52 1 35 21 0.707107 1.41421 1 0.785398 ]
[ 147 52 56 1 34 22 0.707107 2.82843 1 0.785398 ]
[ 179 103 105 1 33 23 0.707107 1.41421 1 0.785398 ]
[ 114 45 50 1 33 25 0.707107 1.41421 1 2.35619 ]
[ 115 38 44 1 34 26 0.707107 2.82843 1 2.35619 ]
[ 141 59 63 1 35 27 0.707107 1.41421 1 2.35619 ]
[ 154 65 67 1 38 27 2 1 1 0 ]
[ 120 31 33 1 38 25 2 1 1 0 ]
[ 84 0 0 1 37 29 1 1 1 0 ]
[ 201 110 109 1 39 29 1 1 1 0 ]
[ 150 51 56 1 39 31 1 1 1 0 ]
[ 148 52 54 1 37 31 1 1 1 0 ]
[ 163 74 76 1 34 30 2 2 1 0 ]
[ 172 62 63 1 34 34 2 2 1 0 ]
[ 199 87 86 1 38 34 2 2 1 0 ]
[ 149 35 35 1 37 38 1 2 1 0 ]
[ 198 83 88 1 39 38 1 2 1 0 ]
[ 208 93 98 1 33 38 1 2 1 0 ]
[ 181 71 72 1 35 38 1 2 1 0 ]
[ 177 70 78 1 34 42 2 2 1 0 ]
[ 173 63 66 1 38 42 2 2 1 0 ]
[ 181 73 70 1 38 46 2 2 1 0 ]
[ 219 110 116 1 34 46 2 2 1 0 ]
[ 59 0 0 1 33 50 1 2 1 0 ]
[ 166 86 89 1 35 50 1 2 1 0 ]
[ 158 58 60 1 38 50 2 2 1 0 ]
[ 112 20 25 1 38 55 2 1 1 0 ]
[ 157 69 67 1 38 53 2 1 1 0 ]
[ 177 87 87 1 34 54 2 2 1 0 ]
[ 207 101 105 1 34 58 2 2 1 0 ]
[ 140 34 36 1 38 59 2 1 1 0 ]
[ 146 50 52 1 38 57 2 1 1 0 ]
[ 166 52 51 1 38 62 2 2 1 0 ]
[ 171 68 71 1 34 62 2 2 1 0 ]
[ 142 37 41 1 41 1 0.707107 1.41421 1 2.35619 ]
[ 132 26 30 1 42 2 0.707107 2.82843 1 2.35619 ]
[ 158 53 58 1 43 3 0.707107 1.41421 1 2.35619 ]
[ 165 51 51 1 46 2 2 2 1 0 ]
[ 148 47 51 1 46 6 2 2 1 0 ]
[ 196 85 91 1 42 6 2 2 1 0 ]
[ 180 64 64 1 41 9 0.707107 1.41421 1 2.35619 ]
[ 119 14 11 1 42 10 0.707107 2.82843 1 2.35619 ]
[ 145 50 46 1 43 11 0.707107 1.41421 1 2.35619 ]
[ 155 70 67 1 46 10 2 2 1 0 ]
[ 122 58 58 1 46 14 2 2 1 0 ]
[ 241 152 144 1 42 14 2 2 1 0 ]
[ 224 119 115 1 42 18 2 2 1 0 ]
[ 95 7 5 1 45 17 0.707107 1.41421 1 2.35619 ]
[ 104 19 24 1 46 18 0.707107 2.82843 1 2.35619 ]
[ 125 35 37 1 47 19 0.707107 1.41421 1 2.35619 ]
[ 219 106 102 1 46 22 2 2 1 0 ]
[ 245 200 177 1 42 22 2 2 1 0 ]
[ 197 80 89 1 42 26 2 2 1 0 ]
[ 218 108 109 1 46 26 2 2 1 0 ]
[ 129 35 36 1 46 30 2 2 1 0 ]
[ 98 4 5 1 42 30 2 2 1 0 ]
[ 146 57 59 1 42 34 2 2 1 0 ]
[ 118 36 40 1 45 33 1 1 1 0 ]
[ 107 49 48 1 47 33 1 1 1 0 ]
[ 67 17 18 1 47 35 1 1 1 0 ]
[ 99 33 34 1 45 35 1 1 1 0 ]
[ 99 35 36 1 46 38 2 2 1 0 ]
[ 155 57 58 1 41 37 1 1 1 0 ]
[ 80 2 2 1 43 37 1 1 1 0 ]
[ 124 32 33 1 43 39 1 1 1 0 ]
[ 196 90 90 1 41 39 1 1 1 0 ]
[ 174 68 72 1 42 42 2 2 1 0 ]
[ 120 35 38 1 45 41 0.707107 1.41421 1 2.35619 ]
[ 91 30 27 1 46 42 0.707107 2.82843 1 2.35619 ]
[ 92 31 30 1 47 43 0.707107 1.41421 1 2.35619 ]
[ 168 77 82 1 46 46 2 2 1 0 ]
[ 205 95 96 1 42 46 2 2 1 0 ]
[ 223 107 107 1 42 50 2 2 1 0 ]
[ 113 1 0 1 45 49 1 1 1 0 ]
[ 160 54 58 1 47 49 1 1 1 0 ]
[ 145 32 34 1 47 51 1 1 1 0 ]
[ 204 86 86 1 45 51 1 1 1 0 ]
[ 180 65 68 1 46 54 2 2 1 0 ]
[ 161 46 49 1 42 54 2 2 1 0 ]
[ 236 122 122 1 42 58 2 2 1 0 ]
[ 202 112 114 1 46 58 2 2 1 0 ]
[ 146 54 57 1 46 62 2 2 1 0 ]
[ 178 58 60 1 42 62 2 2 1 0 ]
[ 231 113 111 1 50 3 2 1 1 0 ]
[ 200 78 77 1 50 1 2 1 1 0 ]
[ 225 107 107 1 54 2 2 2 1 0 ]
[ 212 90 87 1 54 6 2 2 1 0 ]
[ 196 84 80 1 51 5 0.707107 1.41421 1 0.785398 ]
[ 147 38 41 1 50 6 0.707107 2.82843 1 0.785398 ]
[ 140 40 42 1 49 7 0.707107 1.41421 1 0.785398 ]
[ 164 85 81 1 50 10 2 2 1 0 ]
[ 185 76 73 1 54 10 2 2 1 0 ]
[ 221 97 105 1 54 14 2 2 1 0 ]
[ 109 55 45 1 50 14 2 2 1 0 ]
[ 104 14 13 1 50 18 2 2 1 0 ]
[ 177 65 64 1 54 18 2 2 1 0 ]
[ 226 101 99 1 54 22 2 2 1 0 ]
[ 237 104 105 1 50 22 2 2 1 0 ]
[ 154 48 50 1 50 26 2 2 1 0 ]
[ 251 142 139 1 54 26 2 2 1 0 ]
[ 255 212 197 1 54 30 2 2 1 0 ]
[ 57 0 0 1 49 29 1 1 1 0 ]
[ 206 125 124 1 51 29 1 1 1 0 ]
[ 134 62 65 1 51 31 1 1 1 0 ]
[ 79 19 18 1 49 31 1 1 1 0 ]
[ 44 0 1 1 50 35 2 1 1 0 ]
[ 61 9 11 1 50 33 2 1 1 0 ]
[ 168 92 96 1 53 33 0.707107 1.41421 1 2.35619 ]
[ 131 52 55 1 54 34 0.707107 2.82843 1 2.35619 ]
[ 127 42 45 1 55 35 0.707107 1.41421 1 2.35619 ]
[ 164 63 71 1 55 37 0.707107 1.41421 1 0.785398 ]
[ 179 79 81 1 54 38 0.707107 2.82843 1 0.785398 ]
[ 125 44 50 1 53 39 0.707107 1.41421 1 0.785398 ]
[ 73 37 37 1 49 37 1 1 1 0 ]
[ 100 45 48 1 51 37 1 1 1 0 ]
[ 60 8 12 1 51 39 1 1 1 0 ]
[ 35 0 1 1 49 39 1 1 1 0 ]
[ 85 45 45 1 49 41 1 1 1 0 ]
[ 64 5 7 1 51 41 1 1 1 0 ]
[ 100 36 36 1 51 43 1 1 1 0 ]
[ 55 5 4 1 49 43 1 1 1 0 ]
[ 227 127 129 1 54 42 2 2 1 0 ]
[ 204 103 107 1 54 46 2 2 1 0 ]
[ 118 47 51 1 49 45 1 1 1 0 ]
[ 94 12 14 1 51 45 1 1 1 0 ]
[ 104 14 16 1 51 47 1 1 1 0 ]
[ 166 80 83 1 49 47 1 1 1 0 ]
[ 202 99 102 1 50 51 2 1 1 0 ]
[ 144 48 50 1 50 49 2 1 1 0 ]
[ 155 60 58 1 54 50 2 2 1 0 ]
[ 205 115 114 1 54 54 2 2 1 0 ]
[ 165 67 68 1 50 54 2 2 1 0 ]
[ 95 19 23 1 50 59 2 1 1 0 ]
[ 149 64 67 1 50 57 2 1 1 0 ]
[ 165 86 89 1 54 58 2 2 1 0 ]
[ 173 85 84 1 54 62 2 2 1 0 ]
[ 81 5 5 1 50 63 2 1 1 0 ]
[ 125 53 54 1 50 61 2 1 1 0 ]
[ 172 54 52 1 58 2 2 2 1 0 ]
[ 203 87 88 1 62 2 2 2 1 0 ]
[ 161 40 47 1 62 7 2 1 1 0 ]
[ 193 69 69 1 62 5 2 1 1 0 ]
[ 241 122 116 1 58 6 2 2 1 0 ]
[ 200 86 85 1 58 10 2 2 1 0 ]
[ 197 89 86 1 62 11 2 1 1 0 ]
[ 120 5 8 1 62 9 2 1 1 0 ]
[ 154 42 41 1 61 13 1 1 1 0 ]
[ 119 10 16 1 63 13 1 1 1 0 ]
[ 95 0 3 1 63 15 1 1 1 0 ]
[ 205 99 101 1 61 15 1 1 1 0 ]
[ 224 112 110 1 58 14 2 2 1 0 ]
[ 129 34 32 1 58 18 2 2 1 0 ]
[ 118 20 21 1 62 19 2 1 1 0 ]
[ 142 39 43 1 62 17 2 1 1 0 ]
[ 131 31 31 1 62 23 2 1 1 0 ]
[ 124 30 31 1 62 21 2 1 1 0 ]
[ 154 63 60 1 58 23 2 1 1 0 ]
[ 152 57 61 1 58 21 2 1 1 0 ]
[ 142 37 34 1 58 27 2 1 1 0 ]
[ 130 27 22 1 58 25 2 1 1 0 ]
[ 160 64 65 1 62 26 2 2 1 0 ]
[ 175 86 90 1 62 30 2 2 1 0 ]
[ 128 39 35 1 58 31 2 1 1 0 ]
[ 182 88 88 1 58 29 2 1 1 0 ]
[ 139 43 45 1 58 34 2 2 1 0 ]
[ 123 35 34 1 62 34 2 2 1 0 ]
[ 168 65 66 1 62 38 2 2 1 0 ]
[ 192 102 104 1 58 38 2 2 1 0 ]
[ 183 84 87 1 58 42 2 2 1 0 ]
[ 159 54 59 1 62 42 2 2 1 0 ]
[ 208 103 108 1 62 46 2 2 1 0 ]
[ 176 85 84 1 58 46 2 2 1 0 ]
[ 151 55 56 1 58 50 2 2 1 0 ]
[ 129 43 46 1 62 50 2 2 1 0 ]
[ 105 31 32 1 62 54 2 2 1 0 ]
[ 133 49 49 1 58 54 2 2 1 0 ]
[ 110 19 16 1 59 57 0.707107 1.41421 1 0.785398 ]
[ 130 39 34 1 58 58 0.707107 2.82843 1 0.785398 ]
[ 171 80 77 1 57 59 0.707107 1.41421 1 0.785398 ]
[ 198 84 83 1 62 58 2 2 1 0 ]
[ 240 131 126 1 62 62 2 2 1 0 ]
[ 255 133 136 1 58 62 2 2 1 0 ]
