i[59.0625 63.75 ]
e[-10.4114 47.351383 4.661953 8.3476171 0.62578635 -0.77999452 0.82292124 0.56815546 0.0 0.0 0.5647058823529412 0.5647058823529412 0.5647058823529412 ]
e[30.178308 22.460014 6.3163633 5.6850181 1.0 0.0 0.0 1.0 0.0 0.0 0.28627450980392155 0.28627450980392155 0.28627450980392155 ]
e[17.172594 5.6662292 5.9142389 5.2828932 1.0 0.0 0.0 1.0 0.0 0.0 0.043137254901960784 0.043137254901960784 0.043137254901960784 ]
e[17.361996 18.671942 4.8613591 4.5456862 1.0 0.0 0.0 1.0 0.0 0.0 0.043137254901960784 0.043137254901960784 0.043137254901960784 ]
e[10.681418 13.76213 4.0574932 6.5788794 0.96864699 0.24844115 -0.34351877 0.93914581 0.0 0.0 0.0784313725490196 0.0784313725490196 0.0784313725490196 ]
e[33.126438 0.032606181 6.7666731 8.5969276 0.97600848 0.21773253 -0.20862755 0.97799517 0.0 0.0 0.43529411764705883 0.43529411764705883 0.43529411764705883 ]
e[15.46796 31.55139 6.5870304 4.8823981 1.0 0.0 0.0 1.0 0.0 0.0 0.10196078431372549 0.10196078431372549 0.10196078431372549 ]
e[-18.018705 48.261066 4.4073944 7.3657494 0.88390183 -0.46767248 0.64790225 0.76172349 0.0 0.0 0.03529411764705882 0.03529411764705882 0.03529411764705882 ]
e[8.4258556 32.5467 3.4575264 10.393846 0.98266586 0.18538558 -0.14576797 0.98931881 0.0 0.0 0.3607843137254902 0.3607843137254902 0.3607843137254902 ]
e[46.358692 12.379266 6.3888059 10.888574 0.98976394 0.14271418 -0.146718 0.98917836 0.0 0.0 0.07058823529411765 0.07058823529411765 0.07058823529411765 ]
e[21.29504 58.930962 5.9589605 8.257205 0.86490738 -0.5019315 0.49310133 0.86997189 0.0 0.0 0.15294117647058825 0.15294117647058825 0.15294117647058825 ]
e[44.580631 33.260223 6.0609155 11.301082 0.87032343 -0.49248058 0.49248058 0.87032343 0.0 0.0 0.5058823529411764 0.5058823529411764 0.5058823529411764 ]
e[53.58551 56.931469 6.6636 6.9949851 1.0 0.0 0.0 1.0 0.0 0.0 0.1450980392156863 0.1450980392156863 0.1450980392156863 ]
e[38.196392 56.363258 4.8024783 6.5702457 1.0 0.0 0.0 1.0 0.0 0.0 0.1450980392156863 0.1450980392156863 0.1450980392156863 ]
e[58.469276 24.712553 4.2615352 10.056114 0.9967319 0.08078068 -0.11261246 0.99363899 0.0 0.0 0.5333333333333333 0.5333333333333333 0.5333333333333333 ]
e[24.306797 56.678932 6.3630509 6.2999167 1.0 0.0 0.0 1.0 0.0 0.0 0.23529411764705882 0.23529411764705882 0.23529411764705882 ]
e[7.8918171 59.078041 7.3624206 3.763752 1.0 0.0 0.0 1.0 0.0 0.0 0.23137254901960785 0.23137254901960785 0.23137254901960785 ]
e[1.5397822 4.4961376 2.9673231 2.2097087 0.84147426 -0.54029721 0.54029721 0.84147426 0.0 0.0 0.3215686274509804 0.3215686274509804 0.3215686274509804 ]
e[-23.393307 47.258244 3.0614152 10.411477 0.48993959 -0.87175638 0.87175638 0.48993959 0.0 0.0 0.41568627450980394 0.41568627450980394 0.41568627450980394 ]
e[5.2678576 49.642857 4.9353261 4.8460402 1.0 0.0 0.0 1.0 0.0 0.0 0.16470588235294117 0.16470588235294117 0.16470588235294117 ]
