[ 161 57 58 1 0.0151515 0.0149254 0.0151515 0.0149254 1 0 ]
[ 233 119 118 1 0.0454545 0.0149254 0.0151515 0.0149254 1 0 ]
[ 181 79 77 1 0.0454545 0.0447761 0.0151515 0.0149254 1 0 ]
[ 147 53 54 1 0.0151515 0.0447761 0.0151515 0.0149254 1 0 ]
[ 224 100 100 1 0.0757576 0.0149254 0.0151515 0.0149254 1 0 ]
[ 203 80 82 1 0.106061 0.0149254 0.0151515 0.0149254 1 0 ]
[ 152 32 33 1 0.106061 0.0447761 0.0151515 0.0149254 1 0 ]
[ 212 94 94 1 0.0757576 0.0447761 0.0151515 0.0149254 1 0 ]
[ 240 130 133 1 0.0757576 0.0746269 0.0151515 0.0149254 1 0 ]
[ 214 98 98 1 0.106061 0.0746269 0.0151515 0.0149254 1 0 ]
[ 168 75 68 1 0.106061 0.104478 0.0151515 0.0149254 1 0 ]
[ 231 127 128 1 0.0757576 0.104478 0.0151515 0.0149254 1 0 ]
[ 159 69 71 1 0.0151515 0.0746269 0.0151515 0.0149254 1 0 ]
[ 160 68 69 1 0.0454545 0.0746269 0.0151515 0.0149254 1 0 ]
[ 120 31 33 1 0.0454545 0.104478 0.0151515 0.0149254 1 0 ]
[ 71 0 0 1 0.0151515 0.104478 0.0151515 0.0149254 1 0 ]
[ 237 124 126 1 0.136364 0.0149254 0.0151515 0.0149254 1 0 ]
[ 130 31 36 1 0.166667 0.0149254 0.0151515 0.0149254 1 0 ]
[ 170 74 78 1 0.166667 0.0447761 0.0151515 0.0149254 1 0 ]
[ 169 59 60 1 0.136364 0.0447761 0.0151515 0.0149254 1 0 ]
[ 185 85 85 1 0.19697 0.0149254 0.0151515 0.0149254 1 0 ]
[ 179 76 79 1 0.227273 0.0149254 0.0151515 0.0149254 1 0 ]
[ 214 111 115 1 0.227273 0.0447761 0.0151515 0.0149254 1 0 ]
[ 159 59 59 1 0.19697 0.0447761 0.0151515 0.0149254 1 0 ]
[ 155 52 55 1 0.19697 0.0746269 0.0151515 0.0149254 1 0 ]
[ 211 106 110 1 0.227273 0.0746269 0.0151515 0.0149254 1 0 ]
[ 190 80 83 1 0.227273 0.104478 0.0151515 0.0149254 1 0 ]
[ 193 102 101 1 0.19697 0.104478 0.0151515 0.0149254 1 0 ]
[ 194 86 86 1 0.136364 0.0746269 0.0151515 0.0149254 1 0 ]
[ 165 66 71 1 0.166667 0.0746269 0.0151515 0.0149254 1 0 ]
[ 166 70 74 1 0.166667 0.104478 0.0151515 0.0149254 1 0 ]
[ 169 68 74 1 0.136364 0.104478 0.0151515 0.0149254 1 0 ]
[ 140 66 67 1 0.166667 0.134328 0.0214275 0.0105538 1 0.785398 ]
[ 94 12 16 1 0.151515 0.149254 0.042855 0.0105538 1 0.785398 ]
[ 157 71 74 1 0.136364 0.164179 0.0214275 0.0105538 1 0.785398 ]
[ 213 114 119 1 0.227273 0.134328 0.0214275 0.0105538 1 0.785398 ]
[ 77 1 1 1 0.212121 0.149254 0.042855 0.0105538 1 0.785398 ]
[ 101 26 31 1 0.19697 0.164179 0.0214275 0.0105538 1 0.785398 ]
[ 169 105 106 1 0.19697 0.19403 0.0214275 0.0105538 1 2.35619 ]
[ 69 0 2 1 0.212121 0.208955 0.042855 0.0105538 1 2.35619 ]
[ 167 91 91 1 0.227273 0.223881 0.0214275 0.0105538 1 2.35619 ]
[ 243 159 159 1 0.136364 0.19403 0.0151515 0.0149254 1 0 ]
[ 164 90 91 1 0.166667 0.19403 0.0151515 0.0149254 1 0 ]
[ 77 31 33 1 0.166667 0.223881 0.0151515 0.0149254 1 0 ]
[ 98 27 33 1 0.136364 0.223881 0.0151515 0.0149254 1 0 ]
[ 111 31 30 1 0.0151515 0.134328 0.0151515 0.0149254 1 0 ]
[ 146 60 63 1 0.0454545 0.134328 0.0151515 0.0149254 1 0 ]
[ 173 70 74 1 0.0454545 0.164179 0.0151515 0.0149254 1 0 ]
[ 176 73 76 1 0.0151515 0.164179 0.0151515 0.0149254 1 0 ]
[ 180 89 94 1 0.0757576 0.134328 0.0151515 0.0149254 1 0 ]
[ 162 68 68 1 0.106061 0.134328 0.0151515 0.0149254 1 0 ]
[ 154 68 69 1 0.106061 0.164179 0.0151515 0.0149254 1 0 ]
[ 123 28 32 1 0.0757576 0.164179 0.0151515 0.0149254 1 0 ]
[ 160 66 64 1 0.0757576 0.19403 0.0151515 0.0149254 1 0 ]
[ 158 69 71 1 0.106061 0.19403 0.0151515 0.0149254 1 0 ]
[ 117 28 32 1 0.106061 0.223881 0.0151515 0.0149254 1 0 ]
[ 198 88 89 1 0.0757576 0.223881 0.0151515 0.0149254 1 0 ]
[ 191 81 82 1 0.0151515 0.19403 0.0151515 0.0149254 1 0 ]
[ 203 95 95 1 0.0454545 0.19403 0.0151515 0.0149254 1 0 ]
[ 184 65 69 1 0.0454545 0.223881 0.0151515 0.0149254 1 0 ]
[ 199 86 88 1 0.0151515 0.223881 0.0151515 0.0149254 1 0 ]
[ 165 63 61 1 0.0151515 0.253731 0.0151515 0.0149254 1 0 ]
[ 198 100 97 1 0.0454545 0.253731 0.0151515 0.0149254 1 0 ]
[ 168 56 55 1 0.0454545 0.283582 0.0151515 0.0149254 1 0 ]
[ 108 0 0 1 0.0151515 0.283582 0.0151515 0.0149254 1 0 ]
[ 255 184 178 1 0.0757576 0.253731 0.0151515 0.0149254 1 0 ]
[ 111 19 24 1 0.106061 0.253731 0.0151515 0.0149254 1 0 ]
[ 140 41 44 1 0.106061 0.283582 0.0151515 0.0149254 1 0 ]
[ 236 134 132 1 0.0757576 0.283582 0.0151515 0.0149254 1 0 ]
[ 183 78 74 1 0.0757576 0.313433 0.0151515 0.0149254 1 0 ]
[ 164 66 65 1 0.106061 0.313433 0.0151515 0.0149254 1 0 ]
[ 217 117 119 1 0.106061 0.343284 0.0151515 0.0149254 1 0 ]
[ 237 127 128 1 0.0757576 0.343284 0.0151515 0.0149254 1 0 ]
[ 158 40 40 1 0.0151515 0.313433 0.0151515 0.0149254 1 0 ]
[ 195 77 75 1 0.0454545 0.313433 0.0151515 0.0149254 1 0 ]
[ 247 137 136 1 0.0454545 0.343284 0.0151515 0.0149254 1 0 ]
[ 205 87 87 1 0.0151515 0.343284 0.0151515 0.0149254 1 0 ]
[ 115 49 51 1 0.136364 0.253731 0.0151515 0.0149254 1 0 ]
[ 48 0 2 1 0.166667 0.253731 0.0151515 0.0149254 1 0 ]
[ 75 32 26 1 0.166667 0.283582 0.0151515 0.0149254 1 0 ]
[ 134 64 62 1 0.136364 0.283582 0.0151515 0.0149254 1 0 ]
[ 47 2 5 1 0.19697 0.268657 0.0151515 0.0298507 1 0 ]
[ 185 83 94 1 0.227273 0.268657 0.0151515 0.0298507 1 0 ]
[ 62 1 6 1 0.19697 0.313433 0.0151515 0.0149254 1 0 ]
[ 217 112 119 1 0.227273 0.313433 0.0151515 0.0149254 1 0 ]
[ 170 56 56 1 0.227273 0.343284 0.0151515 0.0149254 1 0 ]
[ 142 43 37 1 0.19697 0.343284 0.0151515 0.0149254 1 0 ]
[ 169 81 79 1 0.136364 0.313433 0.0151515 0.0149254 1 0 ]
[ 149 77 78 1 0.166667 0.313433 0.0151515 0.0149254 1 0 ]
[ 137 44 39 1 0.166667 0.343284 0.0151515 0.0149254 1 0 ]
[ 175 77 78 1 0.136364 0.343284 0.0151515 0.0149254 1 0 ]
[ 180 66 66 1 0.136364 0.373134 0.0151515 0.0149254 1 0 ]
[ 209 97 93 1 0.166667 0.373134 0.0151515 0.0149254 1 0 ]
[ 253 151 146 1 0.166667 0.402985 0.0151515 0.0149254 1 0 ]
[ 175 52 54 1 0.136364 0.402985 0.0151515 0.0149254 1 0 ]
[ 201 84 77 1 0.19697 0.373134 0.0151515 0.0149254 1 0 ]
[ 152 34 32 1 0.227273 0.373134 0.0151515 0.0149254 1 0 ]
[ 197 85 84 1 0.227273 0.402985 0.0151515 0.0149254 1 0 ]
[ 153 59 51 1 0.19697 0.402985 0.0151515 0.0149254 1 0 ]
[ 166 85 81 1 0.19697 0.432836 0.0151515 0.0149254 1 0 ]
[ 151 48 51 1 0.227273 0.432836 0.0151515 0.0149254 1 0 ]
[ 173 88 91 1 0.227273 0.462687 0.0151515 0.0149254 1 0 ]
[ 108 44 44 1 0.19697 0.462687 0.0151515 0.0149254 1 0 ]
[ 167 48 50 1 0.136364 0.432836 0.0151515 0.0149254 1 0 ]
[ 167 76 75 1 0.166667 0.432836 0.0151515 0.0149254 1 0 ]
[ 98 23 20 1 0.166667 0.462687 0.0151515 0.0149254 1 0 ]
[ 182 72 71 1 0.136364 0.462687 0.0151515 0.0149254 1 0 ]
[ 185 65 67 1 0.0151515 0.373134 0.0151515 0.0149254 1 0 ]
[ 255 130 133 1 0.0454545 0.373134 0.0151515 0.0149254 1 0 ]
[ 230 134 122 1 0.0454545 0.402985 0.0151515 0.0149254 1 0 ]
[ 239 110 114 1 0.0151515 0.402985 0.0151515 0.0149254 1 0 ]
[ 175 65 66 1 0.0757576 0.373134 0.0151515 0.0149254 1 0 ]
[ 184 76 74 1 0.106061 0.373134 0.0151515 0.0149254 1 0 ]
[ 153 28 26 1 0.106061 0.402985 0.0151515 0.0149254 1 0 ]
[ 242 112 114 1 0.0757576 0.402985 0.0151515 0.0149254 1 0 ]
[ 251 113 113 1 0.0757576 0.432836 0.0151515 0.0149254 1 0 ]
[ 198 73 69 1 0.106061 0.432836 0.0151515 0.0149254 1 0 ]
[ 230 113 106 1 0.106061 0.462687 0.0151515 0.0149254 1 0 ]
[ 250 160 149 1 0.0757576 0.462687 0.0151515 0.0149254 1 0 ]
[ 229 94 98 1 0.0151515 0.432836 0.0151515 0.0149254 1 0 ]
[ 245 96 98 1 0.0454545 0.432836 0.0151515 0.0149254 1 0 ]
[ 198 52 52 1 0.0454545 0.462687 0.0151515 0.0149254 1 0 ]
[ 255 147 145 1 0.0151515 0.462687 0.0151515 0.0149254 1 0 ]
[ 197 82 79 1 0.0151515 0.492537 0.0151515 0.0149254 1 0 ]
[ 215 77 74 1 0.0454545 0.492537 0.0151515 0.0149254 1 0 ]
[ 222 87 84 1 0.0454545 0.522388 0.0151515 0.0149254 1 0 ]
[ 216 97 101 1 0.0151515 0.522388 0.0151515 0.0149254 1 0 ]
[ 253 144 137 1 0.0757576 0.492537 0.0151515 0.0149254 1 0 ]
[ 199 90 85 1 0.106061 0.492537 0.0151515 0.0149254 1 0 ]
[ 192 79 81 1 0.106061 0.522388 0.0151515 0.0149254 1 0 ]
[ 238 110 109 1 0.0757576 0.522388 0.0151515 0.0149254 1 0 ]
[ 179 64 61 1 0.0757576 0.552239 0.0151515 0.0149254 1 0 ]
[ 152 43 46 1 0.106061 0.552239 0.0151515 0.0149254 1 0 ]
[ 162 59 54 1 0.106061 0.58209 0.0151515 0.0149254 1 0 ]
[ 239 134 130 1 0.0757576 0.58209 0.0151515 0.0149254 1 0 ]
[ 212 82 94 1 0.0151515 0.552239 0.0151515 0.0149254 1 0 ]
[ 240 115 113 1 0.0454545 0.552239 0.0151515 0.0149254 1 0 ]
[ 202 89 91 1 0.0454545 0.58209 0.0151515 0.0149254 1 0 ]
[ 168 59 64 1 0.0151515 0.58209 0.0151515 0.0149254 1 0 ]
[ 146 51 49 1 0.136364 0.492537 0.0151515 0.0149254 1 0 ]
[ 116 45 41 1 0.166667 0.492537 0.0151515 0.0149254 1 0 ]
[ 96 18 18 1 0.166667 0.522388 0.0151515 0.0149254 1 0 ]
[ 143 47 48 1 0.136364 0.522388 0.0151515 0.0149254 1 0 ]
[ 95 39 42 1 0.212121 0.522388 0.030303 0.0149254 1 0 ]
[ 114 48 49 1 0.212121 0.492537 0.030303 0.0149254 1 0 ]
[ 56 6 5 1 0.19697 0.567164 0.0151515 0.0298507 1 0 ]
[ 56 4 6 1 0.227273 0.567164 0.0151515 0.0298507 1 0 ]
[ 131 41 41 1 0.136364 0.552239 0.0151515 0.0149254 1 0 ]
[ 195 117 117 1 0.166667 0.552239 0.0151515 0.0149254 1 0 ]
[ 101 23 21 1 0.166667 0.58209 0.0151515 0.0149254 1 0 ]
[ 229 121 119 1 0.136364 0.58209 0.0151515 0.0149254 1 0 ]
[ 166 47 49 1 0.136364 0.61194 0.0151515 0.0149254 1 0 ]
[ 112 24 23 1 0.166667 0.61194 0.0151515 0.0149254 1 0 ]
[ 135 39 40 1 0.166667 0.641791 0.0151515 0.0149254 1 0 ]
[ 223 100 102 1 0.136364 0.641791 0.0151515 0.0149254 1 0 ]
[ 63 12 19 1 0.227273 0.61194 0.0214275 0.0105538 1 0.785398 ]
[ 97 46 55 1 0.212121 0.626866 0.042855 0.0105538 1 0.785398 ]
[ 171 97 98 1 0.19697 0.641791 0.0214275 0.0105538 1 0.785398 ]
[ 148 70 70 1 0.19697 0.671642 0.0214275 0.0105538 1 2.35619 ]
[ 98 26 27 1 0.212121 0.686567 0.042855 0.0105538 1 2.35619 ]
[ 118 43 40 1 0.227273 0.701493 0.0214275 0.0105538 1 2.35619 ]
[ 255 136 137 1 0.136364 0.671642 0.0151515 0.0149254 1 0 ]
[ 176 78 77 1 0.166667 0.671642 0.0151515 0.0149254 1 0 ]
[ 230 127 128 1 0.166667 0.701493 0.0151515 0.0149254 1 0 ]
[ 193 95 92 1 0.136364 0.701493 0.0151515 0.0149254 1 0 ]
[ 115 20 24 1 0.0151515 0.61194 0.0151515 0.0149254 1 0 ]
[ 147 38 41 1 0.0454545 0.61194 0.0151515 0.0149254 1 0 ]
[ 248 144 145 1 0.0454545 0.641791 0.0151515 0.0149254 1 0 ]
[ 97 5 8 1 0.0151515 0.641791 0.0151515 0.0149254 1 0 ]
[ 205 86 90 1 0.0757576 0.61194 0.0151515 0.0149254 1 0 ]
[ 215 101 100 1 0.106061 0.61194 0.0151515 0.0149254 1 0 ]
[ 197 83 82 1 0.106061 0.641791 0.0151515 0.0149254 1 0 ]
[ 181 68 70 1 0.0757576 0.641791 0.0151515 0.0149254 1 0 ]
[ 171 55 56 1 0.0757576 0.671642 0.0151515 0.0149254 1 0 ]
[ 229 121 118 1 0.106061 0.671642 0.0151515 0.0149254 1 0 ]
[ 112 2 3 1 0.106061 0.701493 0.0151515 0.0149254 1 0 ]
[ 184 65 71 1 0.0757576 0.701493 0.0151515 0.0149254 1 0 ]
[ 125 31 32 1 0.0151515 0.671642 0.0151515 0.0149254 1 0 ]
[ 222 112 113 1 0.0454545 0.671642 0.0151515 0.0149254 1 0 ]
[ 209 96 100 1 0.0454545 0.701493 0.0151515 0.0149254 1 0 ]
[ 202 103 106 1 0.0151515 0.701493 0.0151515 0.0149254 1 0 ]
[ 186 96 96 1 0.0151515 0.731343 0.0151515 0.0149254 1 0 ]
[ 192 89 90 1 0.0454545 0.731343 0.0151515 0.0149254 1 0 ]
[ 210 104 108 1 0.0454545 0.761194 0.0151515 0.0149254 1 0 ]
[ 133 41 44 1 0.0151515 0.761194 0.0151515 0.0149254 1 0 ]
[ 221 118 119 1 0.0757576 0.731343 0.0151515 0.0149254 1 0 ]
[ 131 27 28 1 0.106061 0.731343 0.0151515 0.0149254 1 0 ]
[ 168 64 65 1 0.106061 0.761194 0.0151515 0.0149254 1 0 ]
[ 211 100 106 1 0.0757576 0.761194 0.0151515 0.0149254 1 0 ]
[ 210 97 103 1 0.0757576 0.791045 0.0151515 0.0149254 1 0 ]
[ 184 78 80 1 0.106061 0.791045 0.0151515 0.0149254 1 0 ]
[ 176 73 74 1 0.106061 0.820895 0.0151515 0.0149254 1 0 ]
[ 199 101 100 1 0.0757576 0.820895 0.0151515 0.0149254 1 0 ]
[ 121 41 42 1 0.0151515 0.791045 0.0151515 0.0149254 1 0 ]
[ 196 100 102 1 0.0454545 0.791045 0.0151515 0.0149254 1 0 ]
[ 141 45 49 1 0.0454545 0.820895 0.0151515 0.0149254 1 0 ]
[ 154 73 79 1 0.0151515 0.820895 0.0151515 0.0149254 1 0 ]
[ 157 58 61 1 0.136364 0.731343 0.0151515 0.0149254 1 0 ]
[ 179 81 82 1 0.166667 0.731343 0.0151515 0.0149254 1 0 ]
[ 176 86 88 1 0.166667 0.761194 0.0151515 0.0149254 1 0 ]
[ 155 54 58 1 0.136364 0.761194 0.0151515 0.0149254 1 0 ]
[ 133 48 41 1 0.19697 0.731343 0.0151515 0.0149254 1 0 ]
[ 147 59 58 1 0.227273 0.731343 0.0151515 0.0149254 1 0 ]
[ 142 56 59 1 0.227273 0.761194 0.0151515 0.0149254 1 0 ]
[ 126 46 45 1 0.19697 0.761194 0.0151515 0.0149254 1 0 ]
[ 88 13 20 1 0.19697 0.791045 0.0151515 0.0149254 1 0 ]
[ 128 48 57 1 0.227273 0.791045 0.0151515 0.0149254 1 0 ]
[ 135 59 63 1 0.227273 0.820895 0.0151515 0.0149254 1 0 ]
[ 95 16 22 1 0.19697 0.820895 0.0151515 0.0149254 1 0 ]
[ 207 104 105 1 0.136364 0.791045 0.0151515 0.0149254 1 0 ]
[ 120 35 38 1 0.166667 0.791045 0.0151515 0.0149254 1 0 ]
[ 196 114 118 1 0.166667 0.820895 0.0151515 0.0149254 1 0 ]
[ 166 72 73 1 0.136364 0.820895 0.0151515 0.0149254 1 0 ]
[ 196 105 104 1 0.136364 0.850746 0.0151515 0.0149254 1 0 ]
[ 145 63 67 1 0.166667 0.850746 0.0151515 0.0149254 1 0 ]
[ 190 108 112 1 0.166667 0.880597 0.0151515 0.0149254 1 0 ]
[ 136 36 36 1 0.136364 0.880597 0.0151515 0.0149254 1 0 ]
[ 43 0 0 1 0.19697 0.865672 0.0151515 0.0298507 1 0 ]
[ 110 43 50 1 0.227273 0.865672 0.0151515 0.0298507 1 0 ]
[ 65 18 26 1 0.227273 0.910448 0.0214275 0.0105538 1 0.785398 ]
[ 62 13 17 1 0.212121 0.925373 0.042855 0.0105538 1 0.785398 ]
[ 68 19 25 1 0.19697 0.940298 0.0214275 0.0105538 1 0.785398 ]
[ 163 85 75 1 0.136364 0.910448 0.0151515 0.0149254 1 0 ]
[ 117 35 39 1 0.166667 0.910448 0.0151515 0.0149254 1 0 ]
[ 103 49 47 1 0.166667 0.940298 0.0151515 0.0149254 1 0 ]
[ 173 74 77 1 0.136364 0.940298 0.0151515 0.0149254 1 0 ]
[ 111 24 30 1 0.0151515 0.850746 0.0151515 0.0149254 1 0 ]
[ 164 68 70 1 0.0454545 0.850746 0.0151515 0.0149254 1 0 ]
[ 120 25 31 1 0.0454545 0.880597 0.0151515 0.0149254 1 0 ]
[ 154 68 69 1 0.0151515 0.880597 0.0151515 0.0149254 1 0 ]
[ 165 76 70 1 0.0757576 0.850746 0.0151515 0.0149254 1 0 ]
[ 144 50 48 1 0.106061 0.850746 0.0151515 0.0149254 1 0 ]
[ 180 82 81 1 0.106061 0.880597 0.0151515 0.0149254 1 0 ]
[ 91 0 4 1 0.0757576 0.880597 0.0151515 0.0149254 1 0 ]
[ 157 57 55 1 0.0757576 0.910448 0.0151515 0.0149254 1 0 ]
[ 153 55 54 1 0.106061 0.910448 0.0151515 0.0149254 1 0 ]
[ 201 108 103 1 0.106061 0.940298 0.0151515 0.0149254 1 0 ]
[ 200 88 87 1 0.0757576 0.940298 0.0151515 0.0149254 1 0 ]
[ 141 57 57 1 0.0151515 0.910448 0.0151515 0.0149254 1 0 ]
[ 201 107 107 1 0.0454545 0.910448 0.0151515 0.0149254 1 0 ]
[ 159 59 59 1 0.0454545 0.940298 0.0151515 0.0149254 1 0 ]
[ 147 57 57 1 0.0151515 0.940298 0.0151515 0.0149254 1 0 ]
[ 176 76 74 1 0.257576 0.0149254 0.0151515 0.0149254 1 0 ]
[ 166 66 66 1 0.287879 0.0149254 0.0151515 0.0149254 1 0 ]
[ 238 184 174 1 0.287879 0.0447761 0.0151515 0.0149254 1 0 ]
[ 117 27 27 1 0.257576 0.0447761 0.0151515 0.0149254 1 0 ]
[ 170 71 74 1 0.318182 0.0149254 0.0151515 0.0149254 1 0 ]
[ 162 73 75 1 0.348485 0.0149254 0.0151515 0.0149254 1 0 ]
[ 97 27 27 1 0.348485 0.0447761 0.0151515 0.0149254 1 0 ]
[ 92 18 17 1 0.318182 0.0447761 0.0151515 0.0149254 1 0 ]
[ 105 18 26 1 0.318182 0.0746269 0.0151515 0.0149254 1 0 ]
[ 125 40 47 1 0.348485 0.0746269 0.0151515 0.0149254 1 0 ]
[ 179 89 89 1 0.348485 0.104478 0.0151515 0.0149254 1 0 ]
[ 143 47 49 1 0.318182 0.104478 0.0151515 0.0149254 1 0 ]
[ 83 3 4 1 0.257576 0.0746269 0.0151515 0.0149254 1 0 ]
[ 226 129 140 1 0.287879 0.0746269 0.0151515 0.0149254 1 0 ]
[ 196 106 108 1 0.287879 0.104478 0.0151515 0.0149254 1 0 ]
[ 112 26 25 1 0.257576 0.104478 0.0151515 0.0149254 1 0 ]
[ 125 45 48 1 0.378788 0.0149254 0.0151515 0.0149254 1 0 ]
[ 127 47 48 1 0.409091 0.0149254 0.0151515 0.0149254 1 0 ]
[ 108 27 26 1 0.409091 0.0447761 0.0151515 0.0149254 1 0 ]
[ 109 39 41 1 0.378788 0.0447761 0.0151515 0.0149254 1 0 ]
[ 190 107 103 1 0.439394 0.0149254 0.0151515 0.0149254 1 0 ]
[ 150 60 60 1 0.469697 0.0149254 0.0151515 0.0149254 1 0 ]
[ 161 65 67 1 0.469697 0.0447761 0.0151515 0.0149254 1 0 ]
[ 182 88 86 1 0.439394 0.0447761 0.0151515 0.0149254 1 0 ]
[ 150 60 62 1 0.439394 0.0746269 0.0151515 0.0149254 1 0 ]
[ 133 49 47 1 0.469697 0.0746269 0.0151515 0.0149254 1 0 ]
[ 127 45 47 1 0.469697 0.104478 0.0151515 0.0149254 1 0 ]
[ 166 81 88 1 0.439394 0.104478 0.0151515 0.0149254 1 0 ]
[ 119 37 39 1 0.378788 0.0746269 0.0151515 0.0149254 1 0 ]
[ 123 39 39 1 0.409091 0.0746269 0.0151515 0.0149254 1 0 ]
[ 148 59 55 1 0.409091 0.104478 0.0151515 0.0149254 1 0 ]
[ 166 74 77 1 0.378788 0.104478 0.0151515 0.0149254 1 0 ]
[ 185 77 77 1 0.378788 0.134328 0.0151515 0.0149254 1 0 ]
[ 153 69 67 1 0.409091 0.134328 0.0151515 0.0149254 1 0 ]
[ 156 61 67 1 0.409091 0.164179 0.0151515 0.0149254 1 0 ]
[ 169 67 63 1 0.378788 0.164179 0.0151515 0.0149254 1 0 ]
[ 112 33 38 1 0.439394 0.134328 0.0151515 0.0149254 1 0 ]
[ 150 70 71 1 0.469697 0.134328 0.0151515 0.0149254 1 0 ]
[ 156 70 73 1 0.469697 0.164179 0.0151515 0.0149254 1 0 ]
[ 98 22 24 1 0.439394 0.164179 0.0151515 0.0149254 1 0 ]
[ 118 26 29 1 0.439394 0.19403 0.0151515 0.0149254 1 0 ]
[ 136 41 47 1 0.469697 0.19403 0.0151515 0.0149254 1 0 ]
[ 171 75 77 1 0.469697 0.223881 0.0151515 0.0149254 1 0 ]
[ 137 36 40 1 0.439394 0.223881 0.0151515 0.0149254 1 0 ]
[ 145 48 42 1 0.378788 0.19403 0.0151515 0.0149254 1 0 ]
[ 184 95 101 1 0.409091 0.19403 0.0151515 0.0149254 1 0 ]
[ 178 75 79 1 0.409091 0.223881 0.0151515 0.0149254 1 0 ]
[ 126 35 34 1 0.378788 0.223881 0.0151515 0.0149254 1 0 ]
[ 188 93 97 1 0.257576 0.134328 0.0151515 0.0149254 1 0 ]
[ 147 53 53 1 0.287879 0.134328 0.0151515 0.0149254 1 0 ]
[ 148 50 51 1 0.287879 0.164179 0.0151515 0.0149254 1 0 ]
[ 114 22 27 1 0.257576 0.164179 0.0151515 0.0149254 1 0 ]
[ 165 40 46 1 0.318182 0.134328 0.0151515 0.0149254 1 0 ]
[ 221 119 115 1 0.348485 0.134328 0.0151515 0.0149254 1 0 ]
[ 255 155 148 1 0.348485 0.164179 0.0151515 0.0149254 1 0 ]
[ 231 116 119 1 0.318182 0.164179 0.0151515 0.0149254 1 0 ]
[ 255 186 178 1 0.318182 0.19403 0.0151515 0.0149254 1 0 ]
[ 248 146 142 1 0.348485 0.19403 0.0151515 0.0149254 1 0 ]
[ 249 152 146 1 0.348485 0.223881 0.0151515 0.0149254 1 0 ]
[ 237 114 107 1 0.318182 0.223881 0.0151515 0.0149254 1 0 ]
[ 144 40 49 1 0.257576 0.19403 0.0151515 0.0149254 1 0 ]
[ 125 26 29 1 0.287879 0.19403 0.0151515 0.0149254 1 0 ]
[ 195 69 73 1 0.287879 0.223881 0.0151515 0.0149254 1 0 ]
[ 148 40 40 1 0.257576 0.223881 0.0151515 0.0149254 1 0 ]
[ 226 107 111 1 0.257576 0.253731 0.0151515 0.0149254 1 0 ]
[ 231 98 99 1 0.287879 0.253731 0.0151515 0.0149254 1 0 ]
[ 229 104 98 1 0.287879 0.283582 0.0151515 0.0149254 1 0 ]
[ 188 76 75 1 0.257576 0.283582 0.0151515 0.0149254 1 0 ]
[ 249 153 137 1 0.318182 0.253731 0.0151515 0.0149254 1 0 ]
[ 183 83 81 1 0.348485 0.253731 0.0151515 0.0149254 1 0 ]
[ 183 68 71 1 0.348485 0.283582 0.0151515 0.0149254 1 0 ]
[ 236 133 128 1 0.318182 0.283582 0.0151515 0.0149254 1 0 ]
[ 205 94 100 1 0.318182 0.313433 0.0151515 0.0149254 1 0 ]
[ 179 69 68 1 0.348485 0.313433 0.0151515 0.0149254 1 0 ]
[ 206 96 95 1 0.348485 0.343284 0.0151515 0.0149254 1 0 ]
[ 161 51 50 1 0.318182 0.343284 0.0151515 0.0149254 1 0 ]
[ 195 76 78 1 0.257576 0.313433 0.0151515 0.0149254 1 0 ]
[ 212 101 90 1 0.287879 0.313433 0.0151515 0.0149254 1 0 ]
[ 179 75 72 1 0.287879 0.343284 0.0151515 0.0149254 1 0 ]
[ 231 121 120 1 0.257576 0.343284 0.0151515 0.0149254 1 0 ]
[ 162 68 69 1 0.378788 0.253731 0.0151515 0.0149254 1 0 ]
[ 138 46 49 1 0.409091 0.253731 0.0151515 0.0149254 1 0 ]
[ 129 34 38 1 0.409091 0.283582 0.0151515 0.0149254 1 0 ]
[ 172 76 78 1 0.378788 0.283582 0.0151515 0.0149254 1 0 ]
[ 148 62 63 1 0.439394 0.253731 0.0151515 0.0149254 1 0 ]
[ 208 110 111 1 0.469697 0.253731 0.0151515 0.0149254 1 0 ]
[ 200 102 103 1 0.469697 0.283582 0.0151515 0.0149254 1 0 ]
[ 129 19 28 1 0.439394 0.283582 0.0151515 0.0149254 1 0 ]
[ 171 75 77 1 0.439394 0.313433 0.0151515 0.0149254 1 0 ]
[ 130 31 34 1 0.469697 0.313433 0.0151515 0.0149254 1 0 ]
[ 124 39 44 1 0.469697 0.343284 0.0151515 0.0149254 1 0 ]
[ 161 69 72 1 0.439394 0.343284 0.0151515 0.0149254 1 0 ]
[ 164 54 57 1 0.378788 0.313433 0.0151515 0.0149254 1 0 ]
[ 148 52 54 1 0.409091 0.313433 0.0151515 0.0149254 1 0 ]
[ 156 50 54 1 0.409091 0.343284 0.0151515 0.0149254 1 0 ]
[ 193 85 83 1 0.378788 0.343284 0.0151515 0.0149254 1 0 ]
[ 153 39 39 1 0.378788 0.373134 0.0151515 0.0149254 1 0 ]
[ 204 98 102 1 0.409091 0.373134 0.0151515 0.0149254 1 0 ]
[ 198 100 101 1 0.409091 0.402985 0.0151515 0.0149254 1 0 ]
[ 214 100 100 1 0.378788 0.402985 0.0151515 0.0149254 1 0 ]
[ 111 30 29 1 0.439394 0.373134 0.0214275 0.0105538 1 2.35619 ]
[ 58 0 0 1 0.454545 0.38806 0.042855 0.0105538 1 2.35619 ]
[ 95 29 31 1 0.469697 0.402985 0.0214275 0.0105538 1 2.35619 ]
[ 143 51 54 1 0.439394 0.432836 0.0151515 0.0149254 1 0 ]
[ 115 37 35 1 0.469697 0.432836 0.0151515 0.0149254 1 0 ]
[ 167 77 79 1 0.469697 0.462687 0.0151515 0.0149254 1 0 ]
[ 199 101 102 1 0.439394 0.462687 0.0151515 0.0149254 1 0 ]
[ 159 54 51 1 0.378788 0.432836 0.0151515 0.0149254 1 0 ]
[ 127 24 27 1 0.409091 0.432836 0.0151515 0.0149254 1 0 ]
[ 178 80 79 1 0.409091 0.462687 0.0151515 0.0149254 1 0 ]
[ 183 75 75 1 0.378788 0.462687 0.0151515 0.0149254 1 0 ]
[ 196 80 80 1 0.257576 0.373134 0.0151515 0.0149254 1 0 ]
[ 163 53 52 1 0.287879 0.373134 0.0151515 0.0149254 1 0 ]
[ 165 53 52 1 0.287879 0.402985 0.0151515 0.0149254 1 0 ]
[ 216 100 101 1 0.257576 0.402985 0.0151515 0.0149254 1 0 ]
[ 159 44 47 1 0.318182 0.373134 0.0151515 0.0149254 1 0 ]
[ 202 92 91 1 0.348485 0.373134 0.0151515 0.0149254 1 0 ]
[ 204 84 86 1 0.348485 0.402985 0.0151515 0.0149254 1 0 ]
[ 172 56 57 1 0.318182 0.402985 0.0151515 0.0149254 1 0 ]
[ 255 137 137 1 0.318182 0.432836 0.0151515 0.0149254 1 0 ]
[ 206 96 95 1 0.348485 0.432836 0.0151515 0.0149254 1 0 ]
[ 162 56 58 1 0.348485 0.462687 0.0151515 0.0149254 1 0 ]
[ 163 58 55 1 0.318182 0.462687 0.0151515 0.0149254 1 0 ]
[ 202 89 93 1 0.257576 0.432836 0.0151515 0.0149254 1 0 ]
[ 179 67 66 1 0.287879 0.432836 0.0151515 0.0149254 1 0 ]
[ 205 99 101 1 0.287879 0.462687 0.0151515 0.0149254 1 0 ]
[ 155 56 59 1 0.257576 0.462687 0.0151515 0.0149254 1 0 ]
[ 164 84 85 1 0.257576 0.492537 0.0151515 0.0149254 1 0 ]
[ 143 53 55 1 0.287879 0.492537 0.0151515 0.0149254 1 0 ]
[ 121 36 39 1 0.287879 0.522388 0.0151515 0.0149254 1 0 ]
[ 82 16 17 1 0.257576 0.522388 0.0151515 0.0149254 1 0 ]
[ 166 71 75 1 0.318182 0.492537 0.0214275 0.0105538 1 2.35619 ]
[ 132 29 33 1 0.333333 0.507463 0.042855 0.0105538 1 2.35619 ]
[ 191 76 79 1 0.348485 0.522388 0.0214275 0.0105538 1 2.35619 ]
[ 208 102 104 1 0.318182 0.552239 0.0151515 0.0149254 1 0 ]
[ 220 96 98 1 0.348485 0.552239 0.0151515 0.0149254 1 0 ]
[ 229 109 108 1 0.348485 0.58209 0.0151515 0.0149254 1 0 ]
[ 232 123 120 1 0.318182 0.58209 0.0151515 0.0149254 1 0 ]
[ 71 7 8 1 0.257576 0.552239 0.0151515 0.0149254 1 0 ]
[ 149 60 62 1 0.287879 0.552239 0.0151515 0.0149254 1 0 ]
[ 196 93 94 1 0.287879 0.58209 0.0151515 0.0149254 1 0 ]
[ 117 56 53 1 0.257576 0.58209 0.0151515 0.0149254 1 0 ]
[ 167 58 61 1 0.378788 0.492537 0.0151515 0.0149254 1 0 ]
[ 246 148 149 1 0.409091 0.492537 0.0151515 0.0149254 1 0 ]
[ 255 150 150 1 0.409091 0.522388 0.0151515 0.0149254 1 0 ]
[ 198 78 80 1 0.378788 0.522388 0.0151515 0.0149254 1 0 ]
[ 117 23 24 1 0.439394 0.492537 0.0151515 0.0149254 1 0 ]
[ 143 42 46 1 0.469697 0.492537 0.0151515 0.0149254 1 0 ]
[ 136 32 33 1 0.469697 0.522388 0.0151515 0.0149254 1 0 ]
[ 158 55 56 1 0.439394 0.522388 0.0151515 0.0149254 1 0 ]
[ 205 93 91 1 0.439394 0.552239 0.0151515 0.0149254 1 0 ]
[ 163 48 51 1 0.469697 0.552239 0.0151515 0.0149254 1 0 ]
[ 197 82 87 1 0.469697 0.58209 0.0151515 0.0149254 1 0 ]
[ 158 32 33 1 0.439394 0.58209 0.0151515 0.0149254 1 0 ]
[ 189 56 57 1 0.378788 0.552239 0.0151515 0.0149254 1 0 ]
[ 193 75 73 1 0.409091 0.552239 0.0151515 0.0149254 1 0 ]
[ 254 153 143 1 0.409091 0.58209 0.0151515 0.0149254 1 0 ]
[ 219 80 83 1 0.378788 0.58209 0.0151515 0.0149254 1 0 ]
[ 217 93 91 1 0.378788 0.61194 0.0151515 0.0149254 1 0 ]
[ 248 139 134 1 0.409091 0.61194 0.0151515 0.0149254 1 0 ]
[ 223 97 100 1 0.409091 0.641791 0.0151515 0.0149254 1 0 ]
[ 246 128 124 1 0.378788 0.641791 0.0151515 0.0149254 1 0 ]
[ 146 38 35 1 0.439394 0.61194 0.0151515 0.0149254 1 0 ]
[ 187 70 79 1 0.469697 0.61194 0.0151515 0.0149254 1 0 ]
[ 179 66 72 1 0.469697 0.641791 0.0151515 0.0149254 1 0 ]
[ 124 10 10 1 0.439394 0.641791 0.0151515 0.0149254 1 0 ]
[ 163 53 54 1 0.439394 0.671642 0.0151515 0.0149254 1 0 ]
[ 161 52 55 1 0.469697 0.671642 0.0151515 0.0149254 1 0 ]
[ 189 93 94 1 0.469697 0.701493 0.0151515 0.0149254 1 0 ]
[ 152 49 50 1 0.439394 0.701493 0.0151515 0.0149254 1 0 ]
[ 255 143 138 1 0.378788 0.671642 0.0151515 0.0149254 1 0 ]
[ 182 73 70 1 0.409091 0.671642 0.0151515 0.0149254 1 0 ]
[ 194 85 82 1 0.409091 0.701493 0.0151515 0.0149254 1 0 ]
[ 199 81 77 1 0.378788 0.701493 0.0151515 0.0149254 1 0 ]
[ 96 28 29 1 0.257576 0.61194 0.0151515 0.0149254 1 0 ]
[ 213 103 104 1 0.287879 0.61194 0.0151515 0.0149254 1 0 ]
[ 200 100 98 1 0.287879 0.641791 0.0151515 0.0149254 1 0 ]
[ 99 39 38 1 0.257576 0.641791 0.0151515 0.0149254 1 0 ]
[ 204 85 81 1 0.318182 0.61194 0.0151515 0.0149254 1 0 ]
[ 219 93 94 1 0.348485 0.61194 0.0151515 0.0149254 1 0 ]
[ 227 107 106 1 0.348485 0.641791 0.0151515 0.0149254 1 0 ]
[ 190 81 76 1 0.318182 0.641791 0.0151515 0.0149254 1 0 ]
[ 201 78 80 1 0.318182 0.671642 0.0151515 0.0149254 1 0 ]
[ 231 113 111 1 0.348485 0.671642 0.0151515 0.0149254 1 0 ]
[ 238 120 118 1 0.348485 0.701493 0.0151515 0.0149254 1 0 ]
[ 198 80 80 1 0.318182 0.701493 0.0151515 0.0149254 1 0 ]
[ 133 57 59 1 0.257576 0.671642 0.0151515 0.0149254 1 0 ]
[ 188 73 78 1 0.287879 0.671642 0.0151515 0.0149254 1 0 ]
[ 189 73 74 1 0.287879 0.701493 0.0151515 0.0149254 1 0 ]
[ 122 32 31 1 0.257576 0.701493 0.0151515 0.0149254 1 0 ]
[ 145 47 46 1 0.257576 0.731343 0.0151515 0.0149254 1 0 ]
[ 169 54 57 1 0.287879 0.731343 0.0151515 0.0149254 1 0 ]
[ 143 39 38 1 0.287879 0.761194 0.0151515 0.0149254 1 0 ]
[ 165 66 69 1 0.257576 0.761194 0.0151515 0.0149254 1 0 ]
[ 214 94 96 1 0.318182 0.731343 0.0151515 0.0149254 1 0 ]
[ 236 122 121 1 0.348485 0.731343 0.0151515 0.0149254 1 0 ]
[ 220 110 109 1 0.348485 0.761194 0.0151515 0.0149254 1 0 ]
[ 200 84 84 1 0.318182 0.761194 0.0151515 0.0149254 1 0 ]
[ 201 92 89 1 0.318182 0.791045 0.0151515 0.0149254 1 0 ]
[ 206 98 98 1 0.348485 0.791045 0.0151515 0.0149254 1 0 ]
[ 165 60 57 1 0.348485 0.820895 0.0151515 0.0149254 1 0 ]
[ 197 89 87 1 0.318182 0.820895 0.0151515 0.0149254 1 0 ]
[ 151 60 65 1 0.257576 0.791045 0.0151515 0.0149254 1 0 ]
[ 157 64 59 1 0.287879 0.791045 0.0151515 0.0149254 1 0 ]
[ 182 80 78 1 0.287879 0.820895 0.0151515 0.0149254 1 0 ]
[ 128 38 38 1 0.257576 0.820895 0.0151515 0.0149254 1 0 ]
[ 158 46 45 1 0.378788 0.731343 0.0151515 0.0149254 1 0 ]
[ 172 69 72 1 0.409091 0.731343 0.0151515 0.0149254 1 0 ]
[ 164 63 67 1 0.409091 0.761194 0.0151515 0.0149254 1 0 ]
[ 160 51 54 1 0.378788 0.761194 0.0151515 0.0149254 1 0 ]
[ 164 72 77 1 0.439394 0.731343 0.0214275 0.0105538 1 2.35619 ]
[ 86 1 6 1 0.454545 0.746269 0.042855 0.0105538 1 2.35619 ]
[ 135 56 59 1 0.469697 0.761194 0.0214275 0.0105538 1 2.35619 ]
[ 157 63 61 1 0.439394 0.791045 0.0151515 0.0149254 1 0 ]
[ 139 54 51 1 0.469697 0.791045 0.0151515 0.0149254 1 0 ]
[ 182 76 80 1 0.469697 0.820895 0.0151515 0.0149254 1 0 ]
[ 214 112 107 1 0.439394 0.820895 0.0151515 0.0149254 1 0 ]
[ 194 85 90 1 0.378788 0.791045 0.0151515 0.0149254 1 0 ]
[ 117 14 17 1 0.409091 0.791045 0.0151515 0.0149254 1 0 ]
[ 160 39 44 1 0.409091 0.820895 0.0151515 0.0149254 1 0 ]
[ 188 84 85 1 0.378788 0.820895 0.0151515 0.0149254 1 0 ]
[ 164 41 44 1 0.378788 0.850746 0.0151515 0.0149254 1 0 ]
[ 190 76 75 1 0.409091 0.850746 0.0151515 0.0149254 1 0 ]
[ 231 111 112 1 0.409091 0.880597 0.0151515 0.0149254 1 0 ]
[ 249 134 137 1 0.378788 0.880597 0.0151515 0.0149254 1 0 ]
[ 255 185 170 1 0.439394 0.850746 0.0151515 0.0149254 1 0 ]
[ 169 78 77 1 0.469697 0.850746 0.0151515 0.0149254 1 0 ]
[ 128 24 25 1 0.469697 0.880597 0.0151515 0.0149254 1 0 ]
[ 227 107 108 1 0.439394 0.880597 0.0151515 0.0149254 1 0 ]
[ 195 85 84 1 0.439394 0.910448 0.0151515 0.0149254 1 0 ]
[ 177 92 87 1 0.469697 0.910448 0.0151515 0.0149254 1 0 ]
[ 155 61 61 1 0.469697 0.940298 0.0151515 0.0149254 1 0 ]
[ 195 87 84 1 0.439394 0.940298 0.0151515 0.0149254 1 0 ]
[ 196 95 99 1 0.378788 0.910448 0.0151515 0.0149254 1 0 ]
[ 186 57 62 1 0.409091 0.910448 0.0151515 0.0149254 1 0 ]
[ 143 29 29 1 0.409091 0.940298 0.0151515 0.0149254 1 0 ]
[ 205 94 100 1 0.378788 0.940298 0.0151515 0.0149254 1 0 ]
[ 170 80 80 1 0.257576 0.850746 0.0151515 0.0149254 1 0 ]
[ 140 35 31 1 0.287879 0.850746 0.0151515 0.0149254 1 0 ]
[ 165 74 71 1 0.287879 0.880597 0.0151515 0.0149254 1 0 ]
[ 176 100 102 1 0.257576 0.880597 0.0151515 0.0149254 1 0 ]
[ 240 127 121 1 0.318182 0.850746 0.0151515 0.0149254 1 0 ]
[ 175 67 64 1 0.348485 0.850746 0.0151515 0.0149254 1 0 ]
[ 88 8 7 1 0.348485 0.880597 0.0151515 0.0149254 1 0 ]
[ 218 119 114 1 0.318182 0.880597 0.0151515 0.0149254 1 0 ]
[ 185 104 103 1 0.318182 0.910448 0.0151515 0.0149254 1 0 ]
[ 93 13 22 1 0.348485 0.910448 0.0151515 0.0149254 1 0 ]
[ 178 87 92 1 0.348485 0.940298 0.0151515 0.0149254 1 0 ]
[ 153 77 79 1 0.318182 0.940298 0.0151515 0.0149254 1 0 ]
[ 98 38 40 1 0.257576 0.910448 0.0151515 0.0149254 1 0 ]
[ 133 57 57 1 0.287879 0.910448 0.0151515 0.0149254 1 0 ]
[ 130 54 56 1 0.287879 0.940298 0.0151515 0.0149254 1 0 ]
[ 135 81 81 1 0.257576 0.940298 0.0151515 0.0149254 1 0 ]
[ 144 40 41 1 0.5 0.0149254 0.0151515 0.0149254 1 0 ]
[ 227 117 116 1 0.530303 0.0149254 0.0151515 0.0149254 1 0 ]
[ 242 134 134 1 0.530303 0.0447761 0.0151515 0.0149254 1 0 ]
[ 104 8 9 1 0.5 0.0447761 0.0151515 0.0149254 1 0 ]
[ 197 81 81 1 0.560606 0.0149254 0.0151515 0.0149254 1 0 ]
[ 158 52 56 1 0.590909 0.0149254 0.0151515 0.0149254 1 0 ]
[ 231 121 120 1 0.590909 0.0447761 0.0151515 0.0149254 1 0 ]
[ 136 34 29 1 0.560606 0.0447761 0.0151515 0.0149254 1 0 ]
[ 207 91 92 1 0.560606 0.0746269 0.0151515 0.0149254 1 0 ]
[ 213 99 98 1 0.590909 0.0746269 0.0151515 0.0149254 1 0 ]
[ 198 74 76 1 0.590909 0.104478 0.0151515 0.0149254 1 0 ]
[ 206 91 96 1 0.560606 0.104478 0.0151515 0.0149254 1 0 ]
[ 183 93 95 1 0.5 0.0746269 0.0151515 0.0149254 1 0 ]
[ 120 11 16 1 0.530303 0.0746269 0.0151515 0.0149254 1 0 ]
[ 238 132 136 1 0.530303 0.104478 0.0151515 0.0149254 1 0 ]
[ 116 26 26 1 0.5 0.104478 0.0151515 0.0149254 1 0 ]
[ 142 37 41 1 0.621212 0.0149254 0.0151515 0.0149254 1 0 ]
[ 142 37 41 1 0.651515 0.0149254 0.0151515 0.0149254 1 0 ]
[ 158 53 58 1 0.651515 0.0447761 0.0151515 0.0149254 1 0 ]
[ 172 62 65 1 0.621212 0.0447761 0.0151515 0.0149254 1 0 ]
[ 173 68 72 1 0.681818 0.0149254 0.0151515 0.0149254 1 0 ]
[ 209 112 105 1 0.712121 0.0149254 0.0151515 0.0149254 1 0 ]
[ 141 46 42 1 0.712121 0.0447761 0.0151515 0.0149254 1 0 ]
[ 150 49 55 1 0.681818 0.0447761 0.0151515 0.0149254 1 0 ]
[ 134 34 42 1 0.681818 0.0746269 0.0151515 0.0149254 1 0 ]
[ 139 47 48 1 0.712121 0.0746269 0.0151515 0.0149254 1 0 ]
[ 147 53 54 1 0.712121 0.104478 0.0151515 0.0149254 1 0 ]
[ 140 39 45 1 0.681818 0.104478 0.0151515 0.0149254 1 0 ]
[ 193 80 84 1 0.621212 0.0746269 0.0151515 0.0149254 1 0 ]
[ 181 76 83 1 0.651515 0.0746269 0.0151515 0.0149254 1 0 ]
[ 185 70 77 1 0.651515 0.104478 0.0151515 0.0149254 1 0 ]
[ 209 90 94 1 0.621212 0.104478 0.0151515 0.0149254 1 0 ]
[ 180 64 64 1 0.621212 0.134328 0.0151515 0.0149254 1 0 ]
[ 207 101 101 1 0.651515 0.134328 0.0151515 0.0149254 1 0 ]
[ 145 50 46 1 0.651515 0.164179 0.0151515 0.0149254 1 0 ]
[ 225 132 125 1 0.621212 0.164179 0.0151515 0.0149254 1 0 ]
[ 148 52 53 1 0.681818 0.134328 0.0151515 0.0149254 1 0 ]
[ 142 54 52 1 0.712121 0.134328 0.0151515 0.0149254 1 0 ]
[ 128 50 48 1 0.712121 0.164179 0.0151515 0.0149254 1 0 ]
[ 139 60 53 1 0.681818 0.164179 0.0151515 0.0149254 1 0 ]
[ 201 113 111 1 0.681818 0.19403 0.0151515 0.0149254 1 0 ]
[ 110 47 42 1 0.712121 0.19403 0.0151515 0.0149254 1 0 ]
[ 69 13 14 1 0.712121 0.223881 0.0151515 0.0149254 1 0 ]
[ 110 30 29 1 0.681818 0.223881 0.0151515 0.0149254 1 0 ]
[ 243 165 155 1 0.621212 0.19403 0.0151515 0.0149254 1 0 ]
[ 90 11 4 1 0.651515 0.19403 0.0151515 0.0149254 1 0 ]
[ 145 56 52 1 0.651515 0.223881 0.0151515 0.0149254 1 0 ]
[ 255 171 163 1 0.621212 0.223881 0.0151515 0.0149254 1 0 ]
[ 181 93 92 1 0.5 0.134328 0.0151515 0.0149254 1 0 ]
[ 148 45 48 1 0.530303 0.134328 0.0151515 0.0149254 1 0 ]
[ 195 95 97 1 0.530303 0.164179 0.0151515 0.0149254 1 0 ]
[ 131 41 41 1 0.5 0.164179 0.0151515 0.0149254 1 0 ]
[ 209 96 100 1 0.560606 0.134328 0.0151515 0.0149254 1 0 ]
[ 251 136 133 1 0.590909 0.134328 0.0151515 0.0149254 1 0 ]
[ 226 123 116 1 0.590909 0.164179 0.0151515 0.0149254 1 0 ]
[ 197 88 91 1 0.560606 0.164179 0.0151515 0.0149254 1 0 ]
[ 155 51 52 1 0.560606 0.19403 0.0151515 0.0149254 1 0 ]
[ 201 99 95 1 0.590909 0.19403 0.0151515 0.0149254 1 0 ]
[ 224 103 108 1 0.590909 0.223881 0.0151515 0.0149254 1 0 ]
[ 165 54 61 1 0.560606 0.223881 0.0151515 0.0149254 1 0 ]
[ 153 59 60 1 0.5 0.19403 0.0151515 0.0149254 1 0 ]
[ 149 49 51 1 0.530303 0.19403 0.0151515 0.0149254 1 0 ]
[ 164 50 50 1 0.530303 0.223881 0.0151515 0.0149254 1 0 ]
[ 177 75 70 1 0.5 0.223881 0.0151515 0.0149254 1 0 ]
[ 167 53 53 1 0.5 0.253731 0.0151515 0.0149254 1 0 ]
[ 225 102 105 1 0.530303 0.253731 0.0151515 0.0149254 1 0 ]
[ 174 59 62 1 0.530303 0.283582 0.0151515 0.0149254 1 0 ]
[ 187 79 79 1 0.5 0.283582 0.0151515 0.0149254 1 0 ]
[ 178 65 69 1 0.560606 0.253731 0.0151515 0.0149254 1 0 ]
[ 194 75 81 1 0.590909 0.253731 0.0151515 0.0149254 1 0 ]
[ 229 116 120 1 0.590909 0.283582 0.0151515 0.0149254 1 0 ]
[ 196 92 93 1 0.560606 0.283582 0.0151515 0.0149254 1 0 ]
[ 200 104 105 1 0.560606 0.313433 0.0151515 0.0149254 1 0 ]
[ 123 25 22 1 0.590909 0.313433 0.0151515 0.0149254 1 0 ]
[ 111 7 8 1 0.590909 0.343284 0.0151515 0.0149254 1 0 ]
[ 170 67 70 1 0.560606 0.343284 0.0151515 0.0149254 1 0 ]
[ 180 84 85 1 0.5 0.313433 0.0151515 0.0149254 1 0 ]
[ 152 49 52 1 0.530303 0.313433 0.0151515 0.0149254 1 0 ]
[ 174 82 85 1 0.530303 0.343284 0.0151515 0.0149254 1 0 ]
[ 179 103 105 1 0.5 0.343284 0.0151515 0.0149254 1 0 ]
[ 165 51 51 1 0.621212 0.253731 0.0151515 0.0149254 1 0 ]
[ 255 189 176 1 0.651515 0.253731 0.0151515 0.0149254 1 0 ]
[ 213 106 100 1 0.651515 0.283582 0.0151515 0.0149254 1 0 ]
[ 204 76 77 1 0.621212 0.283582 0.0151515 0.0149254 1 0 ]
[ 95 7 5 1 0.681818 0.253731 0.0151515 0.0149254 1 0 ]
[ 59 0 2 1 0.712121 0.253731 0.0151515 0.0149254 1 0 ]
[ 125 35 37 1 0.712121 0.283582 0.0151515 0.0149254 1 0 ]
[ 181 82 76 1 0.681818 0.283582 0.0151515 0.0149254 1 0 ]
[ 227 102 98 1 0.681818 0.313433 0.0151515 0.0149254 1 0 ]
[ 179 64 61 1 0.712121 0.313433 0.0151515 0.0149254 1 0 ]
[ 192 70 69 1 0.712121 0.343284 0.0151515 0.0149254 1 0 ]
[ 247 134 128 1 0.681818 0.343284 0.0151515 0.0149254 1 0 ]
[ 241 124 117 1 0.621212 0.313433 0.0151515 0.0149254 1 0 ]
[ 172 53 45 1 0.651515 0.313433 0.0151515 0.0149254 1 0 ]
[ 230 121 118 1 0.651515 0.343284 0.0151515 0.0149254 1 0 ]
[ 200 84 87 1 0.621212 0.343284 0.0151515 0.0149254 1 0 ]
[ 133 19 27 1 0.621212 0.373134 0.0151515 0.0149254 1 0 ]
[ 232 116 119 1 0.651515 0.373134 0.0151515 0.0149254 1 0 ]
[ 201 103 104 1 0.651515 0.402985 0.0151515 0.0149254 1 0 ]
[ 81 3 1 1 0.621212 0.402985 0.0151515 0.0149254 1 0 ]
[ 181 68 64 1 0.681818 0.373134 0.0151515 0.0149254 1 0 ]
[ 154 49 46 1 0.712121 0.373134 0.0151515 0.0149254 1 0 ]
[ 178 84 85 1 0.712121 0.402985 0.0151515 0.0149254 1 0 ]
[ 159 46 48 1 0.681818 0.402985 0.0151515 0.0149254 1 0 ]
[ 138 44 44 1 0.681818 0.432836 0.0151515 0.0149254 1 0 ]
[ 186 95 102 1 0.712121 0.432836 0.0151515 0.0149254 1 0 ]
[ 143 65 65 1 0.712121 0.462687 0.0151515 0.0149254 1 0 ]
[ 145 49 50 1 0.681818 0.462687 0.0151515 0.0149254 1 0 ]
[ 166 70 72 1 0.651515 0.432836 0.0214275 0.0105538 1 0.785398 ]
[ 98 4 5 1 0.636364 0.447761 0.042855 0.0105538 1 0.785398 ]
[ 230 131 134 1 0.621212 0.462687 0.0214275 0.0105538 1 0.785398 ]
[ 114 45 50 1 0.5 0.373134 0.0151515 0.0149254 1 0 ]
[ 164 77 83 1 0.530303 0.373134 0.0151515 0.0149254 1 0 ]
[ 141 59 63 1 0.530303 0.402985 0.0151515 0.0149254 1 0 ]
[ 55 0 0 1 0.5 0.402985 0.0151515 0.0149254 1 0 ]
[ 140 52 51 1 0.560606 0.373134 0.0151515 0.0149254 1 0 ]
[ 136 37 42 1 0.590909 0.373134 0.0151515 0.0149254 1 0 ]
[ 180 79 85 1 0.590909 0.402985 0.0151515 0.0149254 1 0 ]
[ 147 52 56 1 0.560606 0.402985 0.0151515 0.0149254 1 0 ]
[ 99 13 16 1 0.560606 0.447761 0.0151515 0.0298507 1 0 ]
[ 179 87 92 1 0.590909 0.447761 0.0151515 0.0298507 1 0 ]
[ 119 41 41 1 0.5 0.432836 0.0151515 0.0149254 1 0 ]
[ 160 71 75 1 0.530303 0.432836 0.0151515 0.0149254 1 0 ]
[ 156 60 62 1 0.530303 0.462687 0.0151515 0.0149254 1 0 ]
[ 135 40 44 1 0.5 0.462687 0.0151515 0.0149254 1 0 ]
[ 197 88 93 1 0.5 0.492537 0.0151515 0.0149254 1 0 ]
[ 171 58 60 1 0.530303 0.492537 0.0151515 0.0149254 1 0 ]
[ 247 135 134 1 0.530303 0.522388 0.0151515 0.0149254 1 0 ]
[ 179 69 70 1 0.5 0.522388 0.0151515 0.0149254 1 0 ]
[ 202 90 89 1 0.560606 0.492537 0.0151515 0.0149254 1 0 ]
[ 162 53 56 1 0.590909 0.492537 0.0151515 0.0149254 1 0 ]
[ 252 144 142 1 0.590909 0.522388 0.0151515 0.0149254 1 0 ]
[ 182 70 68 1 0.560606 0.522388 0.0151515 0.0149254 1 0 ]
[ 222 107 112 1 0.560606 0.552239 0.0151515 0.0149254 1 0 ]
[ 161 46 49 1 0.590909 0.552239 0.0151515 0.0149254 1 0 ]
[ 224 112 111 1 0.590909 0.58209 0.0151515 0.0149254 1 0 ]
[ 155 43 42 1 0.560606 0.58209 0.0151515 0.0149254 1 0 ]
[ 199 83 86 1 0.5 0.552239 0.0151515 0.0149254 1 0 ]
[ 190 74 77 1 0.530303 0.552239 0.0151515 0.0149254 1 0 ]
[ 181 72 75 1 0.530303 0.58209 0.0151515 0.0149254 1 0 ]
[ 232 117 124 1 0.5 0.58209 0.0151515 0.0149254 1 0 ]
[ 189 89 91 1 0.621212 0.492537 0.0151515 0.0149254 1 0 ]
[ 152 63 67 1 0.651515 0.492537 0.0151515 0.0149254 1 0 ]
[ 89 13 13 1 0.651515 0.522388 0.0151515 0.0149254 1 0 ]
[ 135 41 41 1 0.621212 0.522388 0.0151515 0.0149254 1 0 ]
[ 107 49 48 1 0.712121 0.492537 0.0214275 0.0105538 1 0.785398 ]
[ 60 4 5 1 0.69697 0.507463 0.042855 0.0105538 1 0.785398 ]
[ 99 33 34 1 0.681818 0.522388 0.0214275 0.0105538 1 0.785398 ]
[ 116 48 49 1 0.681818 0.552239 0.0151515 0.0149254 1 0 ]
[ 82 30 34 1 0.712121 0.552239 0.0151515 0.0149254 1 0 ]
[ 86 30 31 1 0.712121 0.58209 0.0151515 0.0149254 1 0 ]
[ 106 26 29 1 0.681818 0.58209 0.0151515 0.0149254 1 0 ]
[ 155 57 58 1 0.621212 0.552239 0.0151515 0.0149254 1 0 ]
[ 80 2 2 1 0.651515 0.552239 0.0151515 0.0149254 1 0 ]
[ 124 32 33 1 0.651515 0.58209 0.0151515 0.0149254 1 0 ]
[ 196 90 90 1 0.621212 0.58209 0.0151515 0.0149254 1 0 ]
[ 205 89 92 1 0.621212 0.61194 0.0151515 0.0149254 1 0 ]
[ 172 72 74 1 0.651515 0.61194 0.0151515 0.0149254 1 0 ]
[ 158 66 69 1 0.651515 0.641791 0.0151515 0.0149254 1 0 ]
[ 179 68 74 1 0.621212 0.641791 0.0151515 0.0149254 1 0 ]
[ 120 35 38 1 0.681818 0.61194 0.0151515 0.0149254 1 0 ]
[ 46 0 0 1 0.712121 0.61194 0.0151515 0.0149254 1 0 ]
[ 92 31 30 1 0.712121 0.641791 0.0151515 0.0149254 1 0 ]
[ 168 92 94 1 0.681818 0.641791 0.0151515 0.0149254 1 0 ]
[ 151 52 55 1 0.681818 0.671642 0.0151515 0.0149254 1 0 ]
[ 133 48 53 1 0.712121 0.671642 0.0151515 0.0149254 1 0 ]
[ 180 88 91 1 0.712121 0.701493 0.0151515 0.0149254 1 0 ]
[ 152 47 51 1 0.681818 0.701493 0.0151515 0.0149254 1 0 ]
[ 192 87 84 1 0.621212 0.671642 0.0151515 0.0149254 1 0 ]
[ 147 44 45 1 0.651515 0.671642 0.0151515 0.0149254 1 0 ]
[ 204 94 97 1 0.651515 0.701493 0.0151515 0.0149254 1 0 ]
[ 223 111 110 1 0.621212 0.701493 0.0151515 0.0149254 1 0 ]
[ 181 65 76 1 0.5 0.61194 0.0151515 0.0149254 1 0 ]
[ 201 96 101 1 0.530303 0.61194 0.0151515 0.0149254 1 0 ]
[ 163 59 66 1 0.530303 0.641791 0.0151515 0.0149254 1 0 ]
[ 188 77 86 1 0.5 0.641791 0.0151515 0.0149254 1 0 ]
[ 186 80 84 1 0.560606 0.61194 0.0151515 0.0149254 1 0 ]
[ 178 66 65 1 0.590909 0.61194 0.0151515 0.0149254 1 0 ]
[ 240 127 133 1 0.590909 0.641791 0.0151515 0.0149254 1 0 ]
[ 162 55 61 1 0.560606 0.641791 0.0151515 0.0149254 1 0 ]
[ 197 88 94 1 0.560606 0.671642 0.0151515 0.0149254 1 0 ]
[ 230 120 121 1 0.590909 0.671642 0.0151515 0.0149254 1 0 ]
[ 205 95 94 1 0.590909 0.701493 0.0151515 0.0149254 1 0 ]
[ 168 62 64 1 0.560606 0.701493 0.0151515 0.0149254 1 0 ]
[ 230 121 127 1 0.5 0.671642 0.0151515 0.0149254 1 0 ]
[ 158 53 58 1 0.530303 0.671642 0.0151515 0.0149254 1 0 ]
[ 183 76 82 1 0.530303 0.701493 0.0151515 0.0149254 1 0 ]
[ 180 85 89 1 0.5 0.701493 0.0151515 0.0149254 1 0 ]
[ 110 41 44 1 0.5 0.731343 0.0151515 0.0149254 1 0 ]
[ 161 75 78 1 0.530303 0.731343 0.0151515 0.0149254 1 0 ]
[ 137 57 58 1 0.530303 0.761194 0.0151515 0.0149254 1 0 ]
[ 62 0 0 1 0.5 0.761194 0.0151515 0.0149254 1 0 ]
[ 160 62 63 1 0.560606 0.731343 0.0151515 0.0149254 1 0 ]
[ 114 8 8 1 0.590909 0.731343 0.0151515 0.0149254 1 0 ]
[ 159 61 60 1 0.590909 0.761194 0.0151515 0.0149254 1 0 ]
[ 155 65 65 1 0.560606 0.761194 0.0151515 0.0149254 1 0 ]
[ 164 76 75 1 0.560606 0.791045 0.0151515 0.0149254 1 0 ]
[ 136 42 42 1 0.590909 0.791045 0.0151515 0.0149254 1 0 ]
[ 108 16 19 1 0.590909 0.820895 0.0151515 0.0149254 1 0 ]
[ 128 36 37 1 0.560606 0.820895 0.0151515 0.0149254 1 0 ]
[ 83 5 5 1 0.5 0.791045 0.0151515 0.0149254 1 0 ]
[ 135 49 52 1 0.530303 0.791045 0.0151515 0.0149254 1 0 ]
[ 155 52 56 1 0.530303 0.820895 0.0151515 0.0149254 1 0 ]
[ 124 33 32 1 0.5 0.820895 0.0151515 0.0149254 1 0 ]
[ 219 105 104 1 0.621212 0.731343 0.0151515 0.0149254 1 0 ]
[ 204 90 89 1 0.651515 0.731343 0.0151515 0.0149254 1 0 ]
[ 236 118 118 1 0.651515 0.761194 0.0151515 0.0149254 1 0 ]
[ 185 73 72 1 0.621212 0.761194 0.0151515 0.0149254 1 0 ]
[ 160 54 58 1 0.712121 0.731343 0.0214275 0.0105538 1 0.785398 ]
[ 125 10 13 1 0.69697 0.746269 0.042855 0.0105538 1 0.785398 ]
[ 204 86 86 1 0.681818 0.761194 0.0214275 0.0105538 1 0.785398 ]
[ 159 38 43 1 0.681818 0.791045 0.0151515 0.0149254 1 0 ]
[ 145 37 37 1 0.712121 0.791045 0.0151515 0.0149254 1 0 ]
[ 207 103 104 1 0.712121 0.820895 0.0151515 0.0149254 1 0 ]
[ 243 129 128 1 0.681818 0.820895 0.0151515 0.0149254 1 0 ]
[ 148 40 40 1 0.621212 0.791045 0.0151515 0.0149254 1 0 ]
[ 195 76 78 1 0.651515 0.791045 0.0151515 0.0149254 1 0 ]
[ 135 16 18 1 0.651515 0.820895 0.0151515 0.0149254 1 0 ]
[ 239 135 136 1 0.621212 0.820895 0.0151515 0.0149254 1 0 ]
[ 183 77 77 1 0.621212 0.850746 0.0151515 0.0149254 1 0 ]
[ 204 92 91 1 0.651515 0.850746 0.0151515 0.0149254 1 0 ]
[ 239 125 125 1 0.651515 0.880597 0.0151515 0.0149254 1 0 ]
[ 162 48 48 1 0.621212 0.880597 0.0151515 0.0149254 1 0 ]
[ 206 102 99 1 0.681818 0.850746 0.0151515 0.0149254 1 0 ]
[ 193 101 104 1 0.712121 0.850746 0.0151515 0.0149254 1 0 ]
[ 147 67 68 1 0.712121 0.880597 0.0151515 0.0149254 1 0 ]
[ 179 79 77 1 0.681818 0.880597 0.0151515 0.0149254 1 0 ]
[ 185 85 83 1 0.681818 0.910448 0.0151515 0.0149254 1 0 ]
[ 137 63 62 1 0.712121 0.910448 0.0151515 0.0149254 1 0 ]
[ 124 43 42 1 0.712121 0.940298 0.0151515 0.0149254 1 0 ]
[ 189 83 83 1 0.681818 0.940298 0.0151515 0.0149254 1 0 ]
[ 229 106 108 1 0.621212 0.910448 0.0151515 0.0149254 1 0 ]
[ 239 119 121 1 0.651515 0.910448 0.0151515 0.0149254 1 0 ]
[ 122 10 9 1 0.651515 0.940298 0.0151515 0.0149254 1 0 ]
[ 197 81 81 1 0.621212 0.940298 0.0151515 0.0149254 1 0 ]
[ 181 83 84 1 0.5 0.850746 0.0151515 0.0149254 1 0 ]
[ 217 102 109 1 0.530303 0.850746 0.0151515 0.0149254 1 0 ]
[ 180 75 79 1 0.530303 0.880597 0.0151515 0.0149254 1 0 ]
[ 176 63 67 1 0.5 0.880597 0.0151515 0.0149254 1 0 ]
[ 187 76 82 1 0.560606 0.850746 0.0151515 0.0149254 1 0 ]
[ 157 61 62 1 0.590909 0.850746 0.0151515 0.0149254 1 0 ]
[ 175 69 69 1 0.590909 0.880597 0.0151515 0.0149254 1 0 ]
[ 206 118 116 1 0.560606 0.880597 0.0151515 0.0149254 1 0 ]
[ 235 132 135 1 0.560606 0.910448 0.0151515 0.0149254 1 0 ]
[ 196 80 81 1 0.590909 0.910448 0.0151515 0.0149254 1 0 ]
[ 218 103 100 1 0.590909 0.940298 0.0151515 0.0149254 1 0 ]
[ 207 97 96 1 0.560606 0.940298 0.0151515 0.0149254 1 0 ]
[ 207 94 98 1 0.5 0.910448 0.0151515 0.0149254 1 0 ]
[ 198 85 91 1 0.530303 0.910448 0.0151515 0.0149254 1 0 ]
[ 194 90 91 1 0.530303 0.940298 0.0151515 0.0149254 1 0 ]
[ 158 60 61 1 0.5 0.940298 0.0151515 0.0149254 1 0 ]
[ 189 67 66 1 0.742424 0.0149254 0.0151515 0.0149254 1 0 ]
[ 236 108 109 1 0.772727 0.0149254 0.0151515 0.0149254 1 0 ]
[ 232 108 108 1 0.772727 0.0447761 0.0151515 0.0149254 1 0 ]
[ 220 104 104 1 0.742424 0.0447761 0.0151515 0.0149254 1 0 ]
[ 228 105 107 1 0.80303 0.0149254 0.0151515 0.0149254 1 0 ]
[ 239 110 114 1 0.833333 0.0149254 0.0151515 0.0149254 1 0 ]
[ 242 118 118 1 0.833333 0.0447761 0.0151515 0.0149254 1 0 ]
[ 207 78 82 1 0.80303 0.0447761 0.0151515 0.0149254 1 0 ]
[ 251 127 125 1 0.80303 0.0746269 0.0151515 0.0149254 1 0 ]
[ 206 76 74 1 0.833333 0.0746269 0.0151515 0.0149254 1 0 ]
[ 206 87 83 1 0.833333 0.104478 0.0151515 0.0149254 1 0 ]
[ 221 128 120 1 0.80303 0.104478 0.0151515 0.0149254 1 0 ]
[ 170 62 60 1 0.742424 0.0746269 0.0151515 0.0149254 1 0 ]
[ 196 84 80 1 0.772727 0.0746269 0.0151515 0.0149254 1 0 ]
[ 207 97 98 1 0.772727 0.104478 0.0151515 0.0149254 1 0 ]
[ 140 40 42 1 0.742424 0.104478 0.0151515 0.0149254 1 0 ]
[ 255 144 137 1 0.863636 0.0149254 0.0151515 0.0149254 1 0 ]
[ 226 119 113 1 0.893939 0.0149254 0.0151515 0.0149254 1 0 ]
[ 194 70 70 1 0.893939 0.0447761 0.0151515 0.0149254 1 0 ]
[ 228 104 104 1 0.863636 0.0447761 0.0151515 0.0149254 1 0 ]
[ 158 44 43 1 0.924242 0.0149254 0.0151515 0.0149254 1 0 ]
[ 188 84 83 1 0.954545 0.0149254 0.0151515 0.0149254 1 0 ]
[ 152 47 44 1 0.954545 0.0447761 0.0151515 0.0149254 1 0 ]
[ 197 73 73 1 0.924242 0.0447761 0.0151515 0.0149254 1 0 ]
[ 228 106 101 1 0.924242 0.0746269 0.0151515 0.0149254 1 0 ]
[ 186 81 77 1 0.954545 0.0746269 0.0151515 0.0149254 1 0 ]
[ 114 1 7 1 0.954545 0.104478 0.0151515 0.0149254 1 0 ]
[ 187 70 63 1 0.924242 0.104478 0.0151515 0.0149254 1 0 ]
[ 221 103 99 1 0.863636 0.0746269 0.0151515 0.0149254 1 0 ]
[ 229 114 109 1 0.893939 0.0746269 0.0151515 0.0149254 1 0 ]
[ 239 122 115 1 0.893939 0.104478 0.0151515 0.0149254 1 0 ]
[ 205 86 82 1 0.863636 0.104478 0.0151515 0.0149254 1 0 ]
[ 222 109 105 1 0.863636 0.134328 0.0151515 0.0149254 1 0 ]
[ 255 144 141 1 0.893939 0.134328 0.0151515 0.0149254 1 0 ]
[ 207 93 92 1 0.893939 0.164179 0.0151515 0.0149254 1 0 ]
[ 188 76 75 1 0.863636 0.164179 0.0151515 0.0149254 1 0 ]
[ 172 54 50 1 0.924242 0.134328 0.0151515 0.0149254 1 0 ]
[ 137 22 27 1 0.954545 0.134328 0.0151515 0.0149254 1 0 ]
[ 212 102 101 1 0.954545 0.164179 0.0151515 0.0149254 1 0 ]
[ 189 75 74 1 0.924242 0.164179 0.0151515 0.0149254 1 0 ]
[ 154 42 41 1 0.924242 0.19403 0.0151515 0.0149254 1 0 ]
[ 119 10 16 1 0.954545 0.19403 0.0151515 0.0149254 1 0 ]
[ 95 0 3 1 0.954545 0.223881 0.0151515 0.0149254 1 0 ]
[ 205 99 101 1 0.924242 0.223881 0.0151515 0.0149254 1 0 ]
[ 189 74 77 1 0.863636 0.19403 0.0151515 0.0149254 1 0 ]
[ 214 102 101 1 0.893939 0.19403 0.0151515 0.0149254 1 0 ]
[ 187 79 79 1 0.893939 0.223881 0.0151515 0.0149254 1 0 ]
[ 190 78 77 1 0.863636 0.223881 0.0151515 0.0149254 1 0 ]
[ 111 23 22 1 0.742424 0.134328 0.0151515 0.0149254 1 0 ]
[ 185 83 81 1 0.772727 0.134328 0.0151515 0.0149254 1 0 ]
[ 166 81 78 1 0.772727 0.164179 0.0151515 0.0149254 1 0 ]
[ 135 70 66 1 0.742424 0.164179 0.0151515 0.0149254 1 0 ]
[ 199 73 74 1 0.80303 0.134328 0.0151515 0.0149254 1 0 ]
[ 188 76 72 1 0.833333 0.134328 0.0151515 0.0149254 1 0 ]
[ 168 56 55 1 0.833333 0.164179 0.0151515 0.0149254 1 0 ]
[ 187 75 71 1 0.80303 0.164179 0.0151515 0.0149254 1 0 ]
[ 157 47 46 1 0.80303 0.19403 0.0151515 0.0149254 1 0 ]
[ 210 94 97 1 0.833333 0.19403 0.0151515 0.0149254 1 0 ]
[ 192 73 77 1 0.833333 0.223881 0.0151515 0.0149254 1 0 ]
[ 195 76 82 1 0.80303 0.223881 0.0151515 0.0149254 1 0 ]
[ 68 12 11 1 0.742424 0.19403 0.0151515 0.0149254 1 0 ]
[ 192 93 98 1 0.772727 0.19403 0.0151515 0.0149254 1 0 ]
[ 186 86 88 1 0.772727 0.223881 0.0151515 0.0149254 1 0 ]
[ 73 17 16 1 0.742424 0.223881 0.0151515 0.0149254 1 0 ]
[ 97 26 30 1 0.742424 0.253731 0.0214275 0.0105538 1 2.35619 ]
[ 104 14 13 1 0.757576 0.268657 0.042855 0.0105538 1 2.35619 ]
[ 255 148 145 1 0.772727 0.283582 0.0214275 0.0105538 1 2.35619 ]
[ 189 74 77 1 0.80303 0.253731 0.0151515 0.0149254 1 0 ]
[ 168 60 60 1 0.833333 0.253731 0.0151515 0.0149254 1 0 ]
[ 198 85 87 1 0.833333 0.283582 0.0151515 0.0149254 1 0 ]
[ 153 30 32 1 0.80303 0.283582 0.0151515 0.0149254 1 0 ]
[ 177 55 54 1 0.80303 0.313433 0.0151515 0.0149254 1 0 ]
[ 195 76 80 1 0.833333 0.313433 0.0151515 0.0149254 1 0 ]
[ 211 106 100 1 0.833333 0.343284 0.0151515 0.0149254 1 0 ]
[ 215 83 79 1 0.80303 0.343284 0.0151515 0.0149254 1 0 ]
[ 147 24 27 1 0.742424 0.313433 0.0151515 0.0149254 1 0 ]
[ 250 114 114 1 0.772727 0.313433 0.0151515 0.0149254 1 0 ]
[ 219 83 85 1 0.772727 0.343284 0.0151515 0.0149254 1 0 ]
[ 183 55 56 1 0.742424 0.343284 0.0151515 0.0149254 1 0 ]
[ 225 123 121 1 0.863636 0.253731 0.0151515 0.0149254 1 0 ]
[ 172 72 72 1 0.893939 0.253731 0.0151515 0.0149254 1 0 ]
[ 178 84 85 1 0.893939 0.283582 0.0151515 0.0149254 1 0 ]
[ 176 78 79 1 0.863636 0.283582 0.0151515 0.0149254 1 0 ]
[ 157 59 60 1 0.924242 0.268657 0.0151515 0.0298507 1 0 ]
[ 184 81 84 1 0.954545 0.268657 0.0151515 0.0298507 1 0 ]
[ 106 12 12 1 0.924242 0.313433 0.0151515 0.0149254 1 0 ]
[ 188 89 92 1 0.954545 0.313433 0.0151515 0.0149254 1 0 ]
[ 164 68 69 1 0.954545 0.343284 0.0151515 0.0149254 1 0 ]
[ 136 40 42 1 0.924242 0.343284 0.0151515 0.0149254 1 0 ]
[ 119 18 22 1 0.863636 0.313433 0.0151515 0.0149254 1 0 ]
[ 175 83 84 1 0.893939 0.313433 0.0151515 0.0149254 1 0 ]
[ 121 18 21 1 0.893939 0.343284 0.0151515 0.0149254 1 0 ]
[ 164 52 51 1 0.863636 0.343284 0.0151515 0.0149254 1 0 ]
[ 139 19 20 1 0.863636 0.373134 0.0151515 0.0149254 1 0 ]
[ 218 106 104 1 0.893939 0.373134 0.0151515 0.0149254 1 0 ]
[ 193 83 84 1 0.893939 0.402985 0.0151515 0.0149254 1 0 ]
[ 184 70 70 1 0.863636 0.402985 0.0151515 0.0149254 1 0 ]
[ 151 43 41 1 0.924242 0.373134 0.0151515 0.0149254 1 0 ]
[ 173 82 81 1 0.954545 0.373134 0.0151515 0.0149254 1 0 ]
[ 119 31 30 1 0.954545 0.402985 0.0151515 0.0149254 1 0 ]
[ 151 56 52 1 0.924242 0.402985 0.0151515 0.0149254 1 0 ]
[ 106 17 19 1 0.924242 0.432836 0.0151515 0.0149254 1 0 ]
[ 164 78 79 1 0.954545 0.432836 0.0151515 0.0149254 1 0 ]
[ 138 53 56 1 0.954545 0.462687 0.0151515 0.0149254 1 0 ]
[ 136 57 53 1 0.924242 0.462687 0.0151515 0.0149254 1 0 ]
[ 210 125 120 1 0.863636 0.432836 0.0151515 0.0149254 1 0 ]
[ 164 59 64 1 0.893939 0.432836 0.0151515 0.0149254 1 0 ]
[ 117 36 32 1 0.893939 0.462687 0.0151515 0.0149254 1 0 ]
[ 204 106 105 1 0.863636 0.462687 0.0151515 0.0149254 1 0 ]
[ 157 43 43 1 0.742424 0.373134 0.0151515 0.0149254 1 0 ]
[ 200 82 80 1 0.772727 0.373134 0.0151515 0.0149254 1 0 ]
[ 218 123 121 1 0.772727 0.402985 0.0151515 0.0149254 1 0 ]
[ 77 0 0 1 0.742424 0.402985 0.0151515 0.0149254 1 0 ]
[ 205 67 65 1 0.80303 0.373134 0.0151515 0.0149254 1 0 ]
[ 255 206 184 1 0.833333 0.373134 0.0151515 0.0149254 1 0 ]
[ 208 111 104 1 0.833333 0.402985 0.0151515 0.0149254 1 0 ]
[ 145 26 22 1 0.80303 0.402985 0.0151515 0.0149254 1 0 ]
[ 176 77 71 1 0.80303 0.432836 0.0151515 0.0149254 1 0 ]
[ 232 102 110 1 0.833333 0.432836 0.0151515 0.0149254 1 0 ]
[ 180 88 89 1 0.833333 0.462687 0.0151515 0.0149254 1 0 ]
[ 163 68 72 1 0.80303 0.462687 0.0151515 0.0149254 1 0 ]
[ 206 125 124 1 0.772727 0.432836 0.0214275 0.0105538 1 0.785398 ]
[ 80 16 16 1 0.757576 0.447761 0.042855 0.0105538 1 0.785398 ]
[ 79 19 18 1 0.742424 0.462687 0.0214275 0.0105538 1 0.785398 ]
[ 73 29 30 1 0.742424 0.507463 0.0151515 0.0298507 1 0 ]
[ 134 78 81 1 0.772727 0.507463 0.0151515 0.0298507 1 0 ]
[ 168 92 96 1 0.80303 0.492537 0.0151515 0.0149254 1 0 ]
[ 164 88 88 1 0.833333 0.492537 0.0151515 0.0149254 1 0 ]
[ 127 42 45 1 0.833333 0.522388 0.0151515 0.0149254 1 0 ]
[ 134 59 63 1 0.80303 0.522388 0.0151515 0.0149254 1 0 ]
[ 153 71 77 1 0.80303 0.552239 0.0151515 0.0149254 1 0 ]
[ 164 63 71 1 0.833333 0.552239 0.0151515 0.0149254 1 0 ]
[ 163 60 64 1 0.833333 0.58209 0.0151515 0.0149254 1 0 ]
[ 125 44 50 1 0.80303 0.58209 0.0151515 0.0149254 1 0 ]
[ 49 15 16 1 0.742424 0.567164 0.0151515 0.0298507 1 0 ]
[ 70 21 24 1 0.772727 0.567164 0.0151515 0.0298507 1 0 ]
[ 150 71 67 1 0.863636 0.492537 0.0151515 0.0149254 1 0 ]
[ 181 82 85 1 0.893939 0.492537 0.0151515 0.0149254 1 0 ]
[ 220 124 125 1 0.893939 0.522388 0.0151515 0.0149254 1 0 ]
[ 153 57 59 1 0.863636 0.522388 0.0151515 0.0149254 1 0 ]
[ 189 84 91 1 0.924242 0.492537 0.0151515 0.0149254 1 0 ]
[ 152 68 66 1 0.954545 0.492537 0.0151515 0.0149254 1 0 ]
[ 132 38 38 1 0.954545 0.522388 0.0151515 0.0149254 1 0 ]
[ 126 36 36 1 0.924242 0.522388 0.0151515 0.0149254 1 0 ]
[ 123 20 23 1 0.924242 0.552239 0.0151515 0.0149254 1 0 ]
[ 183 79 80 1 0.954545 0.552239 0.0151515 0.0149254 1 0 ]
[ 207 104 107 1 0.954545 0.58209 0.0151515 0.0149254 1 0 ]
[ 160 57 60 1 0.924242 0.58209 0.0151515 0.0149254 1 0 ]
[ 159 59 61 1 0.863636 0.552239 0.0151515 0.0149254 1 0 ]
[ 178 95 89 1 0.893939 0.552239 0.0151515 0.0149254 1 0 ]
[ 178 86 87 1 0.893939 0.58209 0.0151515 0.0149254 1 0 ]
[ 180 84 88 1 0.863636 0.58209 0.0151515 0.0149254 1 0 ]
[ 160 59 65 1 0.863636 0.61194 0.0151515 0.0149254 1 0 ]
[ 192 96 98 1 0.893939 0.61194 0.0151515 0.0149254 1 0 ]
[ 195 96 99 1 0.893939 0.641791 0.0151515 0.0149254 1 0 ]
[ 171 68 72 1 0.863636 0.641791 0.0151515 0.0149254 1 0 ]
[ 185 80 84 1 0.924242 0.61194 0.0151515 0.0149254 1 0 ]
[ 170 69 73 1 0.954545 0.61194 0.0151515 0.0149254 1 0 ]
[ 169 68 72 1 0.954545 0.641791 0.0151515 0.0149254 1 0 ]
[ 131 26 30 1 0.924242 0.641791 0.0151515 0.0149254 1 0 ]
[ 218 118 118 1 0.924242 0.671642 0.0151515 0.0149254 1 0 ]
[ 180 77 78 1 0.954545 0.671642 0.0151515 0.0149254 1 0 ]
[ 210 111 114 1 0.954545 0.701493 0.0151515 0.0149254 1 0 ]
[ 236 136 138 1 0.924242 0.701493 0.0151515 0.0149254 1 0 ]
[ 181 78 82 1 0.863636 0.671642 0.0151515 0.0149254 1 0 ]
[ 165 69 70 1 0.893939 0.671642 0.0151515 0.0149254 1 0 ]
[ 118 22 23 1 0.893939 0.701493 0.0151515 0.0149254 1 0 ]
[ 187 93 93 1 0.863636 0.701493 0.0151515 0.0149254 1 0 ]
[ 85 45 45 1 0.742424 0.61194 0.0214275 0.0105538 1 2.35619 ]
[ 54 8 8 1 0.757576 0.626866 0.042855 0.0105538 1 2.35619 ]
[ 100 36 36 1 0.772727 0.641791 0.0214275 0.0105538 1 2.35619 ]
[ 164 79 82 1 0.80303 0.61194 0.0151515 0.0149254 1 0 ]
[ 206 101 105 1 0.833333 0.61194 0.0151515 0.0149254 1 0 ]
[ 155 55 57 1 0.833333 0.641791 0.0151515 0.0149254 1 0 ]
[ 166 78 76 1 0.80303 0.641791 0.0151515 0.0149254 1 0 ]
[ 198 98 98 1 0.80303 0.671642 0.0151515 0.0149254 1 0 ]
[ 134 36 37 1 0.833333 0.671642 0.0151515 0.0149254 1 0 ]
[ 172 74 75 1 0.833333 0.701493 0.0151515 0.0149254 1 0 ]
[ 214 114 116 1 0.80303 0.701493 0.0151515 0.0149254 1 0 ]
[ 127 45 49 1 0.742424 0.686567 0.0151515 0.0298507 1 0 ]
[ 107 17 19 1 0.772727 0.686567 0.0151515 0.0298507 1 0 ]
[ 144 45 48 1 0.742424 0.731343 0.0151515 0.0149254 1 0 ]
[ 124 28 29 1 0.772727 0.731343 0.0151515 0.0149254 1 0 ]
[ 129 29 31 1 0.772727 0.761194 0.0151515 0.0149254 1 0 ]
[ 174 69 73 1 0.742424 0.761194 0.0151515 0.0149254 1 0 ]
[ 142 42 42 1 0.80303 0.731343 0.0151515 0.0149254 1 0 ]
[ 167 69 68 1 0.833333 0.731343 0.0151515 0.0149254 1 0 ]
[ 153 59 59 1 0.833333 0.761194 0.0151515 0.0149254 1 0 ]
[ 227 129 128 1 0.80303 0.761194 0.0151515 0.0149254 1 0 ]
[ 226 128 129 1 0.80303 0.791045 0.0151515 0.0149254 1 0 ]
[ 153 63 63 1 0.833333 0.791045 0.0151515 0.0149254 1 0 ]
[ 144 54 54 1 0.833333 0.820895 0.0151515 0.0149254 1 0 ]
[ 175 85 84 1 0.80303 0.820895 0.0151515 0.0149254 1 0 ]
[ 151 46 50 1 0.742424 0.791045 0.0151515 0.0149254 1 0 ]
[ 129 29 31 1 0.772727 0.791045 0.0151515 0.0149254 1 0 ]
[ 147 51 53 1 0.772727 0.820895 0.0151515 0.0149254 1 0 ]
[ 104 10 11 1 0.742424 0.820895 0.0151515 0.0149254 1 0 ]
[ 189 91 92 1 0.863636 0.731343 0.0151515 0.0149254 1 0 ]
[ 124 28 29 1 0.893939 0.731343 0.0151515 0.0149254 1 0 ]
[ 208 116 117 1 0.893939 0.761194 0.0151515 0.0149254 1 0 ]
[ 152 53 56 1 0.863636 0.761194 0.0151515 0.0149254 1 0 ]
[ 210 116 116 1 0.924242 0.731343 0.0151515 0.0149254 1 0 ]
[ 170 80 82 1 0.954545 0.731343 0.0151515 0.0149254 1 0 ]
[ 75 5 5 1 0.954545 0.761194 0.0151515 0.0149254 1 0 ]
[ 119 38 37 1 0.924242 0.761194 0.0151515 0.0149254 1 0 ]
[ 120 46 47 1 0.924242 0.791045 0.0151515 0.0149254 1 0 ]
[ 110 29 35 1 0.954545 0.791045 0.0151515 0.0149254 1 0 ]
[ 108 20 19 1 0.954545 0.820895 0.0151515 0.0149254 1 0 ]
[ 136 51 56 1 0.924242 0.820895 0.0151515 0.0149254 1 0 ]
[ 150 54 58 1 0.863636 0.791045 0.0151515 0.0149254 1 0 ]
[ 142 56 59 1 0.893939 0.791045 0.0151515 0.0149254 1 0 ]
[ 110 26 26 1 0.893939 0.820895 0.0151515 0.0149254 1 0 ]
[ 154 66 65 1 0.863636 0.820895 0.0151515 0.0149254 1 0 ]
[ 143 58 55 1 0.863636 0.850746 0.0151515 0.0149254 1 0 ]
[ 110 19 16 1 0.893939 0.850746 0.0151515 0.0149254 1 0 ]
[ 139 37 32 1 0.893939 0.880597 0.0151515 0.0149254 1 0 ]
[ 171 80 77 1 0.863636 0.880597 0.0151515 0.0149254 1 0 ]
[ 164 69 67 1 0.924242 0.850746 0.0151515 0.0149254 1 0 ]
[ 194 82 80 1 0.954545 0.850746 0.0151515 0.0149254 1 0 ]
[ 218 103 100 1 0.954545 0.880597 0.0151515 0.0149254 1 0 ]
[ 163 55 52 1 0.924242 0.880597 0.0151515 0.0149254 1 0 ]
[ 241 115 118 1 0.924242 0.910448 0.0151515 0.0149254 1 0 ]
[ 216 98 98 1 0.954545 0.910448 0.0151515 0.0149254 1 0 ]
[ 252 139 135 1 0.954545 0.940298 0.0151515 0.0149254 1 0 ]
[ 219 99 100 1 0.924242 0.940298 0.0151515 0.0149254 1 0 ]
[ 156 46 47 1 0.863636 0.910448 0.0151515 0.0149254 1 0 ]
[ 236 116 117 1 0.893939 0.910448 0.0151515 0.0149254 1 0 ]
[ 178 58 59 1 0.893939 0.940298 0.0151515 0.0149254 1 0 ]
[ 245 141 138 1 0.863636 0.940298 0.0151515 0.0149254 1 0 ]
[ 104 22 24 1 0.742424 0.850746 0.0151515 0.0149254 1 0 ]
[ 162 76 79 1 0.772727 0.850746 0.0151515 0.0149254 1 0 ]
[ 106 27 30 1 0.772727 0.880597 0.0151515 0.0149254 1 0 ]
[ 109 37 38 1 0.742424 0.880597 0.0151515 0.0149254 1 0 ]
[ 182 101 100 1 0.80303 0.850746 0.0151515 0.0149254 1 0 ]
[ 170 88 90 1 0.833333 0.850746 0.0151515 0.0149254 1 0 ]
[ 165 81 81 1 0.833333 0.880597 0.0151515 0.0149254 1 0 ]
[ 143 67 67 1 0.80303 0.880597 0.0151515 0.0149254 1 0 ]
[ 148 74 73 1 0.80303 0.910448 0.0151515 0.0149254 1 0 ]
[ 153 50 54 1 0.833333 0.910448 0.0151515 0.0149254 1 0 ]
[ 201 92 97 1 0.833333 0.940298 0.0151515 0.0149254 1 0 ]
[ 164 74 74 1 0.80303 0.940298 0.0151515 0.0149254 1 0 ]
[ 112 41 39 1 0.742424 0.925373 0.0151515 0.0298507 1 0 ]
[ 132 54 52 1 0.772727 0.925373 0.0151515 0.0298507 1 0 ]
