[ 246 143 144 1 0.030303 0.0298507 0.030303 0.0298507 1 0 ]
[ 193 73 75 1 0.0909091 0.0298507 0.030303 0.0298507 1 0 ]
[ 255 150 144 1 0.0909091 0.0895522 0.030303 0.0298507 1 0 ]
[ 103 23 24 1 0.030303 0.0895522 0.030303 0.0298507 1 0 ]
[ 201 98 102 1 0.151515 0.0298507 0.030303 0.0298507 1 0 ]
[ 149 55 56 1 0.212121 0.0298507 0.030303 0.0298507 1 0 ]
[ 128 26 22 1 0.212121 0.0895522 0.030303 0.0298507 1 0 ]
[ 195 90 97 1 0.151515 0.0895522 0.030303 0.0298507 1 0 ]
[ 165 80 85 1 0.151515 0.179104 0.030303 0.0597015 1 0 ]
[ 97 17 18 1 0.212121 0.179104 0.030303 0.0597015 1 0 ]
[ 128 36 39 1 0.030303 0.149254 0.030303 0.0298507 1 0 ]
[ 174 80 81 1 0.0909091 0.149254 0.030303 0.0298507 1 0 ]
[ 114 28 27 1 0.0909091 0.208955 0.030303 0.0298507 1 0 ]
[ 202 92 91 1 0.030303 0.208955 0.030303 0.0298507 1 0 ]
[ 211 111 109 1 0.030303 0.268657 0.030303 0.0298507 1 0 ]
[ 176 72 79 1 0.0909091 0.268657 0.030303 0.0298507 1 0 ]
[ 199 98 102 1 0.0909091 0.328358 0.030303 0.0298507 1 0 ]
[ 191 54 61 1 0.030303 0.328358 0.030303 0.0298507 1 0 ]
[ 131 66 62 1 0.151515 0.298507 0.030303 0.0597015 1 0 ]
[ 95 20 17 1 0.212121 0.298507 0.030303 0.0597015 1 0 ]
[ 214 100 99 1 0.151515 0.38806 0.030303 0.0298507 1 0 ]
[ 190 77 73 1 0.212121 0.38806 0.030303 0.0298507 1 0 ]
[ 132 50 52 1 0.212121 0.447761 0.030303 0.0298507 1 0 ]
[ 178 80 81 1 0.151515 0.447761 0.030303 0.0298507 1 0 ]
[ 153 22 27 1 0.030303 0.38806 0.030303 0.0298507 1 0 ]
[ 163 48 45 1 0.0909091 0.38806 0.030303 0.0298507 1 0 ]
[ 230 111 103 1 0.0909091 0.447761 0.030303 0.0298507 1 0 ]
[ 230 95 92 1 0.030303 0.447761 0.030303 0.0298507 1 0 ]
[ 235 107 104 1 0.030303 0.507463 0.030303 0.0298507 1 0 ]
[ 227 113 112 1 0.0909091 0.507463 0.030303 0.0298507 1 0 ]
[ 255 158 156 1 0.0909091 0.567164 0.030303 0.0298507 1 0 ]
[ 209 94 99 1 0.030303 0.567164 0.030303 0.0298507 1 0 ]
[ 118 32 31 1 0.151515 0.507463 0.030303 0.0298507 1 0 ]
[ 91 31 31 1 0.212121 0.507463 0.030303 0.0298507 1 0 ]
[ 68 11 17 1 0.212121 0.567164 0.030303 0.0298507 1 0 ]
[ 168 83 80 1 0.151515 0.567164 0.030303 0.0298507 1 0 ]
[ 138 36 34 1 0.151515 0.626866 0.030303 0.0298507 1 0 ]
[ 97 46 55 1 0.212121 0.626866 0.030303 0.0298507 1 0 ]
[ 98 26 27 1 0.212121 0.686567 0.030303 0.0298507 1 0 ]
[ 235 133 129 1 0.151515 0.686567 0.030303 0.0298507 1 0 ]
[ 171 73 74 1 0.030303 0.626866 0.030303 0.0298507 1 0 ]
[ 208 83 87 1 0.0909091 0.626866 0.030303 0.0298507 1 0 ]
[ 144 21 26 1 0.0909091 0.686567 0.030303 0.0298507 1 0 ]
[ 173 73 73 1 0.030303 0.686567 0.030303 0.0298507 1 0 ]
[ 123 27 29 1 0.030303 0.746269 0.030303 0.0298507 1 0 ]
[ 232 126 126 1 0.0909091 0.746269 0.030303 0.0298507 1 0 ]
[ 197 93 94 1 0.0909091 0.80597 0.030303 0.0298507 1 0 ]
[ 142 53 59 1 0.030303 0.80597 0.030303 0.0298507 1 0 ]
[ 173 74 79 1 0.151515 0.746269 0.030303 0.0298507 1 0 ]
[ 136 50 51 1 0.212121 0.746269 0.030303 0.0298507 1 0 ]
[ 110 38 42 1 0.212121 0.80597 0.030303 0.0298507 1 0 ]
[ 205 114 119 1 0.151515 0.80597 0.030303 0.0298507 1 0 ]
[ 145 51 52 1 0.151515 0.865672 0.030303 0.0298507 1 0 ]
[ 65 2 10 1 0.212121 0.865672 0.030303 0.0298507 1 0 ]
[ 62 13 17 1 0.212121 0.925373 0.030303 0.0298507 1 0 ]
[ 126 34 39 1 0.151515 0.925373 0.030303 0.0298507 1 0 ]
[ 123 31 36 1 0.030303 0.865672 0.030303 0.0298507 1 0 ]
[ 187 92 90 1 0.0909091 0.865672 0.030303 0.0298507 1 0 ]
[ 240 117 122 1 0.0909091 0.925373 0.030303 0.0298507 1 0 ]
[ 155 65 65 1 0.030303 0.925373 0.030303 0.0298507 1 0 ]
[ 217 126 125 1 0.272727 0.0298507 0.030303 0.0298507 1 0 ]
[ 109 31 29 1 0.333333 0.0298507 0.030303 0.0298507 1 0 ]
[ 161 75 74 1 0.333333 0.0895522 0.030303 0.0298507 1 0 ]
[ 223 118 125 1 0.272727 0.0895522 0.030303 0.0298507 1 0 ]
[ 102 28 29 1 0.393939 0.0298507 0.030303 0.0298507 1 0 ]
[ 178 86 87 1 0.454545 0.0298507 0.030303 0.0298507 1 0 ]
[ 101 19 21 1 0.454545 0.0895522 0.030303 0.0298507 1 0 ]
[ 125 37 35 1 0.393939 0.0895522 0.030303 0.0298507 1 0 ]
[ 143 52 51 1 0.393939 0.149254 0.030303 0.0298507 1 0 ]
[ 142 62 63 1 0.454545 0.149254 0.030303 0.0298507 1 0 ]
[ 191 94 101 1 0.454545 0.208955 0.030303 0.0298507 1 0 ]
[ 145 47 48 1 0.393939 0.208955 0.030303 0.0298507 1 0 ]
[ 176 77 80 1 0.272727 0.149254 0.030303 0.0298507 1 0 ]
[ 255 179 166 1 0.333333 0.149254 0.030303 0.0298507 1 0 ]
[ 252 185 168 1 0.333333 0.208955 0.030303 0.0298507 1 0 ]
[ 150 35 40 1 0.272727 0.208955 0.030303 0.0298507 1 0 ]
[ 255 151 148 1 0.272727 0.268657 0.030303 0.0298507 1 0 ]
[ 228 129 124 1 0.333333 0.268657 0.030303 0.0298507 1 0 ]
[ 162 43 45 1 0.333333 0.328358 0.030303 0.0298507 1 0 ]
[ 255 162 158 1 0.272727 0.328358 0.030303 0.0298507 1 0 ]
[ 132 40 43 1 0.393939 0.268657 0.030303 0.0298507 1 0 ]
[ 145 49 51 1 0.454545 0.268657 0.030303 0.0298507 1 0 ]
[ 149 59 61 1 0.454545 0.328358 0.030303 0.0298507 1 0 ]
[ 174 68 68 1 0.393939 0.328358 0.030303 0.0298507 1 0 ]
[ 209 96 98 1 0.393939 0.38806 0.042855 0.0211077 1 2.35619 ]
[ 151 61 61 1 0.424242 0.41791 0.0857099 0.0211077 1 2.35619 ]
[ 124 40 40 1 0.454545 0.447761 0.042855 0.0211077 1 2.35619 ]
[ 193 79 78 1 0.272727 0.38806 0.030303 0.0298507 1 0 ]
[ 183 64 66 1 0.333333 0.38806 0.030303 0.0298507 1 0 ]
[ 201 97 98 1 0.333333 0.447761 0.030303 0.0298507 1 0 ]
[ 160 50 53 1 0.272727 0.447761 0.030303 0.0298507 1 0 ]
[ 131 52 55 1 0.272727 0.507463 0.030303 0.0298507 1 0 ]
[ 132 29 33 1 0.333333 0.507463 0.030303 0.0298507 1 0 ]
[ 216 102 101 1 0.333333 0.567164 0.030303 0.0298507 1 0 ]
[ 189 100 102 1 0.272727 0.567164 0.030303 0.0298507 1 0 ]
[ 224 115 118 1 0.393939 0.507463 0.030303 0.0298507 1 0 ]
[ 180 79 83 1 0.454545 0.507463 0.030303 0.0298507 1 0 ]
[ 126 16 19 1 0.454545 0.567164 0.030303 0.0298507 1 0 ]
[ 190 71 67 1 0.393939 0.567164 0.030303 0.0298507 1 0 ]
[ 255 138 134 1 0.393939 0.626866 0.030303 0.0298507 1 0 ]
[ 151 38 44 1 0.454545 0.626866 0.030303 0.0298507 1 0 ]
[ 120 16 13 1 0.454545 0.686567 0.030303 0.0298507 1 0 ]
[ 219 104 97 1 0.393939 0.686567 0.030303 0.0298507 1 0 ]
[ 148 60 59 1 0.272727 0.626866 0.030303 0.0298507 1 0 ]
[ 231 107 107 1 0.333333 0.626866 0.030303 0.0298507 1 0 ]
[ 232 116 117 1 0.333333 0.686567 0.030303 0.0298507 1 0 ]
[ 178 74 75 1 0.272727 0.686567 0.030303 0.0298507 1 0 ]
[ 149 45 46 1 0.272727 0.746269 0.030303 0.0298507 1 0 ]
[ 228 116 114 1 0.333333 0.746269 0.030303 0.0298507 1 0 ]
[ 251 141 142 1 0.333333 0.80597 0.030303 0.0298507 1 0 ]
[ 154 58 59 1 0.272727 0.80597 0.030303 0.0298507 1 0 ]
[ 208 102 104 1 0.393939 0.746269 0.042855 0.0211077 1 2.35619 ]
[ 126 30 32 1 0.424242 0.776119 0.0857099 0.0211077 1 2.35619 ]
[ 195 104 103 1 0.454545 0.80597 0.042855 0.0211077 1 2.35619 ]
[ 186 78 76 1 0.393939 0.865672 0.030303 0.0298507 1 0 ]
[ 229 129 129 1 0.454545 0.865672 0.030303 0.0298507 1 0 ]
[ 194 94 94 1 0.454545 0.925373 0.030303 0.0298507 1 0 ]
[ 185 69 72 1 0.393939 0.925373 0.030303 0.0298507 1 0 ]
[ 172 78 76 1 0.272727 0.865672 0.030303 0.0298507 1 0 ]
[ 111 20 17 1 0.333333 0.865672 0.030303 0.0298507 1 0 ]
[ 145 62 70 1 0.333333 0.925373 0.030303 0.0298507 1 0 ]
[ 117 47 49 1 0.272727 0.925373 0.030303 0.0298507 1 0 ]
[ 169 67 65 1 0.515152 0.0298507 0.030303 0.0298507 1 0 ]
[ 235 127 127 1 0.575758 0.0298507 0.030303 0.0298507 1 0 ]
[ 189 80 75 1 0.575758 0.0895522 0.030303 0.0298507 1 0 ]
[ 226 127 130 1 0.515152 0.0895522 0.030303 0.0298507 1 0 ]
[ 132 26 30 1 0.636364 0.0298507 0.030303 0.0298507 1 0 ]
[ 165 51 51 1 0.69697 0.0298507 0.030303 0.0298507 1 0 ]
[ 148 47 51 1 0.69697 0.0895522 0.030303 0.0298507 1 0 ]
[ 196 85 91 1 0.636364 0.0895522 0.030303 0.0298507 1 0 ]
[ 119 14 11 1 0.636364 0.149254 0.030303 0.0298507 1 0 ]
[ 155 70 67 1 0.69697 0.149254 0.030303 0.0298507 1 0 ]
[ 122 58 58 1 0.69697 0.208955 0.030303 0.0298507 1 0 ]
[ 241 152 144 1 0.636364 0.208955 0.030303 0.0298507 1 0 ]
[ 167 73 74 1 0.515152 0.149254 0.030303 0.0298507 1 0 ]
[ 222 104 100 1 0.575758 0.149254 0.030303 0.0298507 1 0 ]
[ 169 48 53 1 0.575758 0.208955 0.030303 0.0298507 1 0 ]
[ 127 22 18 1 0.515152 0.208955 0.030303 0.0298507 1 0 ]
[ 231 111 113 1 0.515152 0.268657 0.030303 0.0298507 1 0 ]
[ 153 38 45 1 0.575758 0.268657 0.030303 0.0298507 1 0 ]
[ 164 59 56 1 0.575758 0.328358 0.030303 0.0298507 1 0 ]
[ 147 52 56 1 0.515152 0.328358 0.030303 0.0298507 1 0 ]
[ 224 119 115 1 0.636364 0.268657 0.030303 0.0298507 1 0 ]
[ 104 19 24 1 0.69697 0.268657 0.030303 0.0298507 1 0 ]
[ 219 106 102 1 0.69697 0.328358 0.030303 0.0298507 1 0 ]
[ 245 200 177 1 0.636364 0.328358 0.030303 0.0298507 1 0 ]
[ 197 80 89 1 0.636364 0.38806 0.030303 0.0298507 1 0 ]
[ 218 108 109 1 0.69697 0.38806 0.030303 0.0298507 1 0 ]
[ 129 35 36 1 0.69697 0.447761 0.030303 0.0298507 1 0 ]
[ 98 4 5 1 0.636364 0.447761 0.030303 0.0298507 1 0 ]
[ 115 38 44 1 0.515152 0.38806 0.030303 0.0298507 1 0 ]
[ 115 30 33 1 0.575758 0.38806 0.030303 0.0298507 1 0 ]
[ 94 2 7 1 0.575758 0.447761 0.030303 0.0298507 1 0 ]
[ 163 74 76 1 0.515152 0.447761 0.030303 0.0298507 1 0 ]
[ 172 62 63 1 0.515152 0.507463 0.030303 0.0298507 1 0 ]
[ 199 87 86 1 0.575758 0.507463 0.030303 0.0298507 1 0 ]
[ 209 93 96 1 0.575758 0.567164 0.030303 0.0298507 1 0 ]
[ 206 96 99 1 0.515152 0.567164 0.030303 0.0298507 1 0 ]
[ 146 57 59 1 0.636364 0.507463 0.030303 0.0298507 1 0 ]
[ 60 4 5 1 0.69697 0.507463 0.030303 0.0298507 1 0 ]
[ 99 35 36 1 0.69697 0.567164 0.030303 0.0298507 1 0 ]
[ 102 10 11 1 0.636364 0.567164 0.030303 0.0298507 1 0 ]
[ 174 68 72 1 0.636364 0.626866 0.030303 0.0298507 1 0 ]
[ 91 30 27 1 0.69697 0.626866 0.030303 0.0298507 1 0 ]
[ 168 77 82 1 0.69697 0.686567 0.030303 0.0298507 1 0 ]
[ 205 95 96 1 0.636364 0.686567 0.030303 0.0298507 1 0 ]
[ 177 70 78 1 0.515152 0.626866 0.030303 0.0298507 1 0 ]
[ 173 63 66 1 0.575758 0.626866 0.030303 0.0298507 1 0 ]
[ 181 73 70 1 0.575758 0.686567 0.030303 0.0298507 1 0 ]
[ 219 110 116 1 0.515152 0.686567 0.030303 0.0298507 1 0 ]
[ 104 34 36 1 0.515152 0.746269 0.030303 0.0298507 1 0 ]
[ 158 58 60 1 0.575758 0.746269 0.030303 0.0298507 1 0 ]
[ 145 53 58 1 0.575758 0.80597 0.030303 0.0298507 1 0 ]
[ 177 87 87 1 0.515152 0.80597 0.030303 0.0298507 1 0 ]
[ 223 107 107 1 0.636364 0.746269 0.030303 0.0298507 1 0 ]
[ 125 10 13 1 0.69697 0.746269 0.030303 0.0298507 1 0 ]
[ 180 65 68 1 0.69697 0.80597 0.030303 0.0298507 1 0 ]
[ 161 46 49 1 0.636364 0.80597 0.030303 0.0298507 1 0 ]
[ 236 122 122 1 0.636364 0.865672 0.030303 0.0298507 1 0 ]
[ 202 112 114 1 0.69697 0.865672 0.030303 0.0298507 1 0 ]
[ 146 54 57 1 0.69697 0.925373 0.030303 0.0298507 1 0 ]
[ 178 58 60 1 0.636364 0.925373 0.030303 0.0298507 1 0 ]
[ 207 101 105 1 0.515152 0.865672 0.030303 0.0298507 1 0 ]
[ 120 20 22 1 0.575758 0.865672 0.030303 0.0298507 1 0 ]
[ 166 52 51 1 0.575758 0.925373 0.030303 0.0298507 1 0 ]
[ 171 68 71 1 0.515152 0.925373 0.030303 0.0298507 1 0 ]
[ 182 62 61 1 0.757576 0.0298507 0.030303 0.0298507 1 0 ]
[ 225 107 107 1 0.818182 0.0298507 0.030303 0.0298507 1 0 ]
[ 212 90 87 1 0.818182 0.0895522 0.030303 0.0298507 1 0 ]
[ 147 38 41 1 0.757576 0.0895522 0.030303 0.0298507 1 0 ]
[ 172 54 52 1 0.878788 0.0298507 0.030303 0.0298507 1 0 ]
[ 203 87 88 1 0.939394 0.0298507 0.030303 0.0298507 1 0 ]
[ 193 70 75 1 0.939394 0.0895522 0.030303 0.0298507 1 0 ]
[ 241 122 116 1 0.878788 0.0895522 0.030303 0.0298507 1 0 ]
[ 200 86 85 1 0.878788 0.149254 0.030303 0.0298507 1 0 ]
[ 168 58 57 1 0.939394 0.149254 0.030303 0.0298507 1 0 ]
[ 175 74 82 1 0.939394 0.208955 0.030303 0.0298507 1 0 ]
[ 224 112 110 1 0.878788 0.208955 0.030303 0.0298507 1 0 ]
[ 164 85 81 1 0.757576 0.149254 0.030303 0.0298507 1 0 ]
[ 185 76 73 1 0.818182 0.149254 0.030303 0.0298507 1 0 ]
[ 221 97 105 1 0.818182 0.208955 0.030303 0.0298507 1 0 ]
[ 109 55 45 1 0.757576 0.208955 0.030303 0.0298507 1 0 ]
[ 104 14 13 1 0.757576 0.268657 0.030303 0.0298507 1 0 ]
[ 177 65 64 1 0.818182 0.268657 0.030303 0.0298507 1 0 ]
[ 226 101 99 1 0.818182 0.328358 0.030303 0.0298507 1 0 ]
[ 237 104 105 1 0.757576 0.328358 0.030303 0.0298507 1 0 ]
[ 129 34 32 1 0.878788 0.268657 0.030303 0.0298507 1 0 ]
[ 129 29 31 1 0.939394 0.268657 0.030303 0.0298507 1 0 ]
[ 118 16 14 1 0.939394 0.328358 0.030303 0.0298507 1 0 ]
[ 162 68 68 1 0.878788 0.328358 0.030303 0.0298507 1 0 ]
[ 148 39 36 1 0.878788 0.38806 0.030303 0.0298507 1 0 ]
[ 160 64 65 1 0.939394 0.38806 0.030303 0.0298507 1 0 ]
[ 175 86 90 1 0.939394 0.447761 0.030303 0.0298507 1 0 ]
[ 161 58 59 1 0.878788 0.447761 0.030303 0.0298507 1 0 ]
[ 154 48 50 1 0.757576 0.38806 0.030303 0.0298507 1 0 ]
[ 251 142 139 1 0.818182 0.38806 0.030303 0.0298507 1 0 ]
[ 255 212 197 1 0.818182 0.447761 0.030303 0.0298507 1 0 ]
[ 80 16 16 1 0.757576 0.447761 0.030303 0.0298507 1 0 ]
[ 56 7 10 1 0.757576 0.507463 0.030303 0.0298507 1 0 ]
[ 131 52 55 1 0.818182 0.507463 0.030303 0.0298507 1 0 ]
[ 179 79 81 1 0.818182 0.567164 0.030303 0.0298507 1 0 ]
[ 35 0 1 1 0.757576 0.567164 0.030303 0.0298507 1 0 ]
[ 139 43 45 1 0.878788 0.507463 0.030303 0.0298507 1 0 ]
[ 123 35 34 1 0.939394 0.507463 0.030303 0.0298507 1 0 ]
[ 168 65 66 1 0.939394 0.567164 0.030303 0.0298507 1 0 ]
[ 192 102 104 1 0.878788 0.567164 0.030303 0.0298507 1 0 ]
[ 183 84 87 1 0.878788 0.626866 0.030303 0.0298507 1 0 ]
[ 159 54 59 1 0.939394 0.626866 0.030303 0.0298507 1 0 ]
[ 208 103 108 1 0.939394 0.686567 0.030303 0.0298507 1 0 ]
[ 176 85 84 1 0.878788 0.686567 0.030303 0.0298507 1 0 ]
[ 54 8 8 1 0.757576 0.626866 0.030303 0.0298507 1 0 ]
[ 227 127 129 1 0.818182 0.626866 0.030303 0.0298507 1 0 ]
[ 204 103 107 1 0.818182 0.686567 0.030303 0.0298507 1 0 ]
[ 94 9 12 1 0.757576 0.686567 0.030303 0.0298507 1 0 ]
[ 212 112 114 1 0.757576 0.746269 0.030303 0.0298507 1 0 ]
[ 155 60 58 1 0.818182 0.746269 0.030303 0.0298507 1 0 ]
[ 205 115 114 1 0.818182 0.80597 0.030303 0.0298507 1 0 ]
[ 165 67 68 1 0.757576 0.80597 0.030303 0.0298507 1 0 ]
[ 151 55 56 1 0.878788 0.746269 0.030303 0.0298507 1 0 ]
[ 129 43 46 1 0.939394 0.746269 0.030303 0.0298507 1 0 ]
[ 105 31 32 1 0.939394 0.80597 0.030303 0.0298507 1 0 ]
[ 133 49 49 1 0.878788 0.80597 0.030303 0.0298507 1 0 ]
[ 130 39 34 1 0.878788 0.865672 0.030303 0.0298507 1 0 ]
[ 198 84 83 1 0.939394 0.865672 0.030303 0.0298507 1 0 ]
[ 240 131 126 1 0.939394 0.925373 0.030303 0.0298507 1 0 ]
[ 255 133 136 1 0.878788 0.925373 0.030303 0.0298507 1 0 ]
[ 130 50 53 1 0.757576 0.865672 0.030303 0.0298507 1 0 ]
[ 165 86 89 1 0.818182 0.865672 0.030303 0.0298507 1 0 ]
[ 173 85 84 1 0.818182 0.925373 0.030303 0.0298507 1 0 ]
[ 98 24 23 1 0.757576 0.925373 0.030303 0.0298507 1 0 ]
