[ 50 108 165 1 0.0625 0.0655738 0.0625 0.0655738 1 0 ]
[ 75 136 200 1 0.1875 0.0655738 0.0625 0.0655738 1 0 ]
[ 61 121 189 1 0.1875 0.196721 0.0625 0.0655738 1 0 ]
[ 46 102 157 1 0.0625 0.196721 0.0625 0.0655738 1 0 ]
[ 60 121 188 1 0.0625 0.327869 0.0625 0.0655738 1 0 ]
[ 37 87 136 1 0.1875 0.327869 0.0625 0.0655738 1 0 ]
[ 57 115 174 1 0.1875 0.459016 0.0625 0.0655738 1 0 ]
[ 55 115 176 1 0.0625 0.459016 0.0625 0.0655738 1 0 ]
[ 77 137 209 1 0.0625 0.590164 0.0625 0.0655738 1 0 ]
[ 79 138 211 1 0.1875 0.590164 0.0625 0.0655738 1 0 ]
[ 51 108 171 1 0.1875 0.721311 0.0625 0.0655738 1 0 ]
[ 41 97 156 1 0.0625 0.721311 0.0625 0.0655738 1 0 ]
[ 77 138 204 1 0.3125 0.0655738 0.0625 0.0655738 1 0 ]
[ 29 78 124 1 0.4375 0.0655738 0.0625 0.0655738 1 0 ]
[ 47 106 164 1 0.4375 0.196721 0.0625 0.0655738 1 0 ]
[ 54 114 175 1 0.3125 0.196721 0.0625 0.0655738 1 0 ]
[ 56 114 174 1 0.3125 0.327869 0.0625 0.0655738 1 0 ]
[ 88 148 221 1 0.4375 0.327869 0.0625 0.0655738 1 0 ]
[ 56 112 169 1 0.4375 0.459016 0.0625 0.0655738 1 0 ]
[ 43 99 155 1 0.3125 0.459016 0.0625 0.0655738 1 0 ]
[ 72 133 202 1 0.3125 0.590164 0.0625 0.0655738 1 0 ]
[ 72 133 200 1 0.4375 0.590164 0.0625 0.0655738 1 0 ]
[ 67 128 196 1 0.4375 0.721311 0.0625 0.0655738 1 0 ]
[ 66 126 195 1 0.3125 0.721311 0.0625 0.0655738 1 0 ]
[ 43 90 132 1 0.5625 0.0655738 0.0625 0.0655738 1 0 ]
[ 38 90 141 1 0.6875 0.0655738 0.0625 0.0655738 1 0 ]
[ 61 123 187 1 0.6875 0.196721 0.0625 0.0655738 1 0 ]
[ 54 107 163 1 0.5625 0.196721 0.0625 0.0655738 1 0 ]
[ 95 155 229 1 0.5625 0.327869 0.0625 0.0655738 1 0 ]
[ 73 134 207 1 0.6875 0.327869 0.0625 0.0655738 1 0 ]
[ 58 116 181 1 0.6875 0.459016 0.0625 0.0655738 1 0 ]
[ 33 88 146 1 0.5625 0.459016 0.0625 0.0655738 1 0 ]
[ 54 113 175 1 0.5625 0.590164 0.0625 0.0655738 1 0 ]
[ 64 124 193 1 0.6875 0.590164 0.0625 0.0655738 1 0 ]
[ 72 132 202 1 0.6875 0.721311 0.0625 0.0655738 1 0 ]
[ 66 129 200 1 0.5625 0.721311 0.0625 0.0655738 1 0 ]
[ 49 109 170 1 0.8125 0.0655738 0.0625 0.0655738 1 0 ]
[ 48 107 166 1 0.9375 0.0655738 0.0625 0.0655738 1 0 ]
[ 85 148 220 1 0.9375 0.196721 0.0625 0.0655738 1 0 ]
[ 78 140 213 1 0.8125 0.196721 0.0625 0.0655738 1 0 ]
[ 65 125 194 1 0.8125 0.327869 0.0625 0.0655738 1 0 ]
[ 25 75 125 1 0.9375 0.327869 0.0625 0.0655738 1 0 ]
[ 83 144 215 1 0.9375 0.459016 0.0625 0.0655738 1 0 ]
[ 71 131 201 1 0.8125 0.459016 0.0625 0.0655738 1 0 ]
[ 101 160 238 1 0.8125 0.590164 0.0625 0.0655738 1 0 ]
[ 81 143 218 1 0.9375 0.590164 0.0625 0.0655738 1 0 ]
[ 30 74 119 1 0.9375 0.721311 0.0625 0.0655738 1 0 ]
[ 63 122 187 1 0.8125 0.721311 0.0625 0.0655738 1 0 ]
