[ 252 146 148 1 0.0606061 0.0597015 0.0606061 0.0597015 1 0 ]
[ 173 74 77 1 0.181818 0.0597015 0.0606061 0.0597015 1 0 ]
[ 138 62 66 1 0.181818 0.179104 0.0606061 0.0597015 1 0 ]
[ 225 125 127 1 0.0606061 0.179104 0.0606061 0.0597015 1 0 ]
[ 179 63 63 1 0.0606061 0.298507 0.0606061 0.0597015 1 0 ]
[ 53 9 6 1 0.181818 0.298507 0.0606061 0.0597015 1 0 ]
[ 142 55 48 1 0.181818 0.41791 0.0606061 0.0597015 1 0 ]
[ 253 160 145 1 0.0606061 0.41791 0.0606061 0.0597015 1 0 ]
[ 211 86 82 1 0.0606061 0.537313 0.0606061 0.0597015 1 0 ]
[ 118 50 49 1 0.181818 0.537313 0.0606061 0.0597015 1 0 ]
[ 160 68 71 1 0.181818 0.656716 0.0606061 0.0597015 1 0 ]
[ 146 36 37 1 0.0606061 0.656716 0.0606061 0.0597015 1 0 ]
[ 216 105 111 1 0.0606061 0.776119 0.0606061 0.0597015 1 0 ]
[ 111 31 34 1 0.181818 0.776119 0.0606061 0.0597015 1 0 ]
[ 137 72 78 1 0.181818 0.895522 0.0606061 0.0597015 1 0 ]
[ 116 20 22 1 0.0606061 0.895522 0.0606061 0.0597015 1 0 ]
[ 92 27 25 1 0.30303 0.0597015 0.0606061 0.0597015 1 0 ]
[ 178 90 89 1 0.424242 0.0597015 0.0606061 0.0597015 1 0 ]
[ 120 25 33 1 0.424242 0.179104 0.0606061 0.0597015 1 0 ]
[ 144 50 48 1 0.30303 0.179104 0.0606061 0.0597015 1 0 ]
[ 225 103 102 1 0.30303 0.298507 0.0606061 0.0597015 1 0 ]
[ 131 28 32 1 0.424242 0.298507 0.0606061 0.0597015 1 0 ]
[ 151 61 61 1 0.424242 0.41791 0.0606061 0.0597015 1 0 ]
[ 194 80 79 1 0.30303 0.41791 0.0606061 0.0597015 1 0 ]
[ 122 26 28 1 0.30303 0.537313 0.0606061 0.0597015 1 0 ]
[ 179 69 68 1 0.424242 0.537313 0.0606061 0.0597015 1 0 ]
[ 145 35 34 1 0.424242 0.656716 0.0606061 0.0597015 1 0 ]
[ 255 143 142 1 0.30303 0.656716 0.0606061 0.0597015 1 0 ]
[ 135 30 27 1 0.30303 0.776119 0.0606061 0.0597015 1 0 ]
[ 126 30 32 1 0.424242 0.776119 0.0606061 0.0597015 1 0 ]
[ 234 111 114 1 0.424242 0.895522 0.0606061 0.0597015 1 0 ]
[ 186 100 99 1 0.30303 0.895522 0.0606061 0.0597015 1 0 ]
[ 235 127 127 1 0.545455 0.0597015 0.0606061 0.0597015 1 0 ]
[ 162 61 67 1 0.666667 0.0597015 0.0606061 0.0597015 1 0 ]
[ 168 73 71 1 0.666667 0.179104 0.0606061 0.0597015 1 0 ]
[ 182 78 79 1 0.545455 0.179104 0.0606061 0.0597015 1 0 ]
[ 150 46 47 1 0.545455 0.298507 0.0606061 0.0597015 1 0 ]
[ 212 111 99 1 0.666667 0.298507 0.0606061 0.0597015 1 0 ]
[ 157 63 63 1 0.666667 0.41791 0.0606061 0.0597015 1 0 ]
[ 113 22 27 1 0.545455 0.41791 0.0606061 0.0597015 1 0 ]
[ 238 123 126 1 0.545455 0.537313 0.0606061 0.0597015 1 0 ]
[ 98 28 28 1 0.666667 0.537313 0.0606061 0.0597015 1 0 ]
[ 154 64 66 1 0.666667 0.656716 0.0606061 0.0597015 1 0 ]
[ 205 100 105 1 0.545455 0.656716 0.0606061 0.0597015 1 0 ]
[ 136 47 49 1 0.545455 0.776119 0.0606061 0.0597015 1 0 ]
[ 216 96 98 1 0.666667 0.776119 0.0606061 0.0597015 1 0 ]
[ 229 121 121 1 0.666667 0.895522 0.0606061 0.0597015 1 0 ]
[ 255 200 188 1 0.545455 0.895522 0.0606061 0.0597015 1 0 ]
[ 220 107 103 1 0.787879 0.0597015 0.0606061 0.0597015 1 0 ]
[ 241 119 116 1 0.909091 0.0597015 0.0606061 0.0597015 1 0 ]
[ 220 108 107 1 0.909091 0.179104 0.0606061 0.0597015 1 0 ]
[ 184 80 79 1 0.787879 0.179104 0.0606061 0.0597015 1 0 ]
[ 228 98 100 1 0.787879 0.298507 0.0606061 0.0597015 1 0 ]
[ 144 50 51 1 0.909091 0.298507 0.0606061 0.0597015 1 0 ]
[ 136 40 41 1 0.909091 0.41791 0.0606061 0.0597015 1 0 ]
[ 204 104 102 1 0.787879 0.41791 0.0606061 0.0597015 1 0 ]
[ 119 50 53 1 0.787879 0.537313 0.0606061 0.0597015 1 0 ]
[ 173 79 79 1 0.909091 0.537313 0.0606061 0.0597015 1 0 ]
[ 149 51 52 1 0.909091 0.656716 0.0606061 0.0597015 1 0 ]
[ 120 34 33 1 0.787879 0.656716 0.0606061 0.0597015 1 0 ]
[ 136 38 39 1 0.787879 0.776119 0.0606061 0.0597015 1 0 ]
[ 137 55 57 1 0.909091 0.776119 0.0606061 0.0597015 1 0 ]
[ 189 73 73 1 0.909091 0.895522 0.0606061 0.0597015 1 0 ]
[ 83 7 9 1 0.787879 0.895522 0.0606061 0.0597015 1 0 ]
