i[64.0 64.0 ]
e[5.4711952 17.062439 8.586297 24.622469 0.84402841 -0.53629847 0.53629847 0.84402841 0.0 0.0 1.0 1.0 1.0 ]
e[-1.0252212 33.878998 8.586297 24.622469 0.84402841 -0.53629847 0.53629847 0.84402841 0.0 0.0 1.0 1.0 1.0 ]
e[-10.693394 43.444111 8.586297 24.622469 0.84402841 -0.53629847 0.53629847 0.84402841 0.0 0.0 1.0 1.0 1.0 ]
e[-19.29582 53.686401 8.586297 24.622469 0.84402841 -0.53629847 0.53629847 0.84402841 0.0 0.0 1.0 1.0 1.0 ]
e[45.844501 -21.940111 7.7655478 23.675449 0.77736929 0.6290445 -0.6290445 0.77736929 0.0 0.0 1.0 1.0 1.0 ]
e[53.614655 -13.040369 7.7655478 23.675449 0.77736929 0.6290445 -0.6290445 0.77736929 0.0 0.0 1.0 1.0 1.0 ]
e[61.964386 -4.5284052 7.7655478 23.675449 0.77736929 0.6290445 -0.6290445 0.77736929 0.0 0.0 1.0 1.0 1.0 ]
e[68.444611 4.6842036 7.7655478 23.675449 0.77736929 0.6290445 -0.6290445 0.77736929 0.0 0.0 1.0 1.0 1.0 ]
e[76.977119 10.611798 7.7655478 23.675449 0.77736929 0.6290445 -0.6290445 0.77736929 0.0 0.0 1.0 1.0 1.0 ]
e[37.784397 -29.793066 7.7655478 23.675449 0.77736929 0.6290445 -0.6290445 0.77736929 0.0 0.0 1.0 1.0 1.0 ]
e[14.567637 6.9844475 8.586297 24.622469 0.84402841 -0.53629847 0.53629847 0.84402841 0.0 0.0 1.0 1.0 1.0 ]
