[ 46 101 154 1 0.015625 0.0163934 0.015625 0.0163934 1 0 ]
[ 53 109 169 1 0.046875 0.0163934 0.015625 0.0163934 1 0 ]
[ 41 98 151 1 0.046875 0.0491803 0.015625 0.0163934 1 0 ]
[ 41 94 146 1 0.015625 0.0491803 0.015625 0.0163934 1 0 ]
[ 49 107 163 1 0.078125 0.0163934 0.015625 0.0163934 1 0 ]
[ 49 107 162 1 0.109375 0.0163934 0.015625 0.0163934 1 0 ]
[ 49 106 163 1 0.109375 0.0491803 0.015625 0.0163934 1 0 ]
[ 51 109 166 1 0.078125 0.0491803 0.015625 0.0163934 1 0 ]
[ 56 116 174 1 0.078125 0.0819672 0.015625 0.0163934 1 0 ]
[ 55 114 172 1 0.109375 0.0819672 0.015625 0.0163934 1 0 ]
[ 49 108 166 1 0.109375 0.114754 0.015625 0.0163934 1 0 ]
[ 54 113 171 1 0.078125 0.114754 0.015625 0.0163934 1 0 ]
[ 42 95 145 1 0.015625 0.0819672 0.015625 0.0163934 1 0 ]
[ 52 111 167 1 0.046875 0.0819672 0.015625 0.0163934 1 0 ]
[ 58 117 175 1 0.046875 0.114754 0.015625 0.0163934 1 0 ]
[ 49 104 159 1 0.015625 0.114754 0.015625 0.0163934 1 0 ]
[ 55 112 167 1 0.140625 0.0163934 0.015625 0.0163934 1 0 ]
[ 44 98 153 1 0.171875 0.0163934 0.015625 0.0163934 1 0 ]
[ 60 120 183 1 0.171875 0.0491803 0.015625 0.0163934 1 0 ]
[ 68 129 186 1 0.140625 0.0491803 0.015625 0.0163934 1 0 ]
[ 40 92 146 1 0.203125 0.0163934 0.015625 0.0163934 1 0 ]
[ 37 89 142 1 0.234375 0.0163934 0.015625 0.0163934 1 0 ]
[ 65 129 193 1 0.234375 0.0491803 0.015625 0.0163934 1 0 ]
[ 65 125 189 1 0.203125 0.0491803 0.015625 0.0163934 1 0 ]
[ 62 123 188 1 0.203125 0.0819672 0.015625 0.0163934 1 0 ]
[ 81 142 208 1 0.234375 0.0819672 0.015625 0.0163934 1 0 ]
[ 53 114 177 1 0.234375 0.114754 0.015625 0.0163934 1 0 ]
[ 56 118 180 1 0.203125 0.114754 0.015625 0.0163934 1 0 ]
[ 64 124 184 1 0.140625 0.0819672 0.015625 0.0163934 1 0 ]
[ 76 136 199 1 0.171875 0.0819672 0.015625 0.0163934 1 0 ]
[ 51 111 173 1 0.171875 0.114754 0.015625 0.0163934 1 0 ]
[ 40 100 158 1 0.140625 0.114754 0.015625 0.0163934 1 0 ]
[ 45 105 167 1 0.140625 0.147541 0.015625 0.0163934 1 0 ]
[ 67 127 189 1 0.171875 0.147541 0.015625 0.0163934 1 0 ]
[ 73 132 198 1 0.171875 0.180328 0.015625 0.0163934 1 0 ]
[ 65 126 188 1 0.140625 0.180328 0.015625 0.0163934 1 0 ]
[ 68 129 192 1 0.203125 0.147541 0.015625 0.0163934 1 0 ]
[ 64 125 188 1 0.234375 0.147541 0.015625 0.0163934 1 0 ]
[ 58 119 184 1 0.234375 0.180328 0.015625 0.0163934 1 0 ]
[ 69 128 196 1 0.203125 0.180328 0.015625 0.0163934 1 0 ]
[ 61 122 185 1 0.203125 0.213115 0.015625 0.0163934 1 0 ]
[ 66 126 189 1 0.234375 0.213115 0.015625 0.0163934 1 0 ]
[ 61 117 178 1 0.234375 0.245902 0.015625 0.0163934 1 0 ]
[ 52 110 173 1 0.203125 0.245902 0.015625 0.0163934 1 0 ]
[ 59 120 183 1 0.140625 0.213115 0.015625 0.0163934 1 0 ]
[ 60 120 183 1 0.171875 0.213115 0.015625 0.0163934 1 0 ]
[ 65 125 188 1 0.171875 0.245902 0.015625 0.0163934 1 0 ]
[ 55 115 178 1 0.140625 0.245902 0.015625 0.0163934 1 0 ]
[ 48 103 157 1 0.015625 0.147541 0.015625 0.0163934 1 0 ]
[ 46 103 158 1 0.046875 0.147541 0.015625 0.0163934 1 0 ]
[ 39 94 150 1 0.046875 0.180328 0.015625 0.0163934 1 0 ]
[ 39 96 149 1 0.015625 0.180328 0.015625 0.0163934 1 0 ]
[ 48 104 161 1 0.078125 0.147541 0.015625 0.0163934 1 0 ]
[ 44 104 163 1 0.109375 0.147541 0.015625 0.0163934 1 0 ]
[ 51 111 169 1 0.109375 0.180328 0.015625 0.0163934 1 0 ]
[ 50 107 162 1 0.078125 0.180328 0.015625 0.0163934 1 0 ]
[ 45 101 158 1 0.078125 0.213115 0.015625 0.0163934 1 0 ]
[ 53 112 171 1 0.109375 0.213115 0.015625 0.0163934 1 0 ]
[ 45 101 165 1 0.109375 0.245902 0.015625 0.0163934 1 0 ]
[ 50 106 170 1 0.078125 0.245902 0.015625 0.0163934 1 0 ]
[ 51 107 167 1 0.015625 0.213115 0.015625 0.0163934 1 0 ]
[ 46 102 161 1 0.046875 0.213115 0.015625 0.0163934 1 0 ]
[ 53 113 176 1 0.046875 0.245902 0.015625 0.0163934 1 0 ]
[ 59 119 181 1 0.015625 0.245902 0.015625 0.0163934 1 0 ]
[ 62 123 190 1 0.015625 0.278689 0.015625 0.0163934 1 0 ]
[ 62 123 190 1 0.046875 0.278689 0.015625 0.0163934 1 0 ]
[ 65 126 193 1 0.046875 0.311475 0.015625 0.0163934 1 0 ]
[ 67 128 194 1 0.015625 0.311475 0.015625 0.0163934 1 0 ]
[ 65 125 187 1 0.078125 0.278689 0.015625 0.0163934 1 0 ]
[ 55 115 177 1 0.109375 0.278689 0.015625 0.0163934 1 0 ]
[ 55 115 177 1 0.109375 0.311475 0.015625 0.0163934 1 0 ]
[ 57 117 183 1 0.078125 0.311475 0.015625 0.0163934 1 0 ]
[ 62 122 187 1 0.078125 0.344262 0.015625 0.0163934 1 0 ]
[ 59 119 182 1 0.109375 0.344262 0.015625 0.0163934 1 0 ]
[ 47 103 163 1 0.109375 0.377049 0.015625 0.0163934 1 0 ]
[ 57 116 179 1 0.078125 0.377049 0.015625 0.0163934 1 0 ]
[ 58 119 186 1 0.015625 0.344262 0.015625 0.0163934 1 0 ]
[ 52 115 179 1 0.046875 0.344262 0.015625 0.0163934 1 0 ]
[ 52 113 177 1 0.046875 0.377049 0.015625 0.0163934 1 0 ]
[ 53 114 177 1 0.015625 0.377049 0.015625 0.0163934 1 0 ]
[ 53 113 177 1 0.140625 0.278689 0.015625 0.0163934 1 0 ]
[ 51 109 171 1 0.171875 0.278689 0.015625 0.0163934 1 0 ]
[ 43 96 150 1 0.171875 0.311475 0.015625 0.0163934 1 0 ]
[ 50 108 168 1 0.140625 0.311475 0.015625 0.0163934 1 0 ]
[ 43 96 152 1 0.203125 0.278689 0.015625 0.0163934 1 0 ]
[ 47 100 154 1 0.234375 0.278689 0.015625 0.0163934 1 0 ]
[ 42 95 145 1 0.234375 0.311475 0.015625 0.0163934 1 0 ]
[ 28 80 132 1 0.203125 0.311475 0.015625 0.0163934 1 0 ]
[ 39 88 129 1 0.203125 0.344262 0.015625 0.0163934 1 0 ]
[ 32 83 130 1 0.234375 0.344262 0.015625 0.0163934 1 0 ]
[ 33 85 132 1 0.234375 0.377049 0.015625 0.0163934 1 0 ]
[ 45 97 146 1 0.203125 0.377049 0.015625 0.0163934 1 0 ]
[ 45 99 160 1 0.140625 0.344262 0.015625 0.0163934 1 0 ]
[ 36 88 140 1 0.171875 0.344262 0.015625 0.0163934 1 0 ]
[ 38 89 136 1 0.171875 0.377049 0.015625 0.0163934 1 0 ]
[ 34 89 143 1 0.140625 0.377049 0.015625 0.0163934 1 0 ]
[ 30 82 135 1 0.140625 0.409836 0.015625 0.0163934 1 0 ]
[ 31 83 133 1 0.171875 0.409836 0.015625 0.0163934 1 0 ]
[ 58 118 176 1 0.171875 0.442623 0.015625 0.0163934 1 0 ]
[ 63 124 184 1 0.140625 0.442623 0.015625 0.0163934 1 0 ]
[ 46 101 155 1 0.203125 0.409836 0.015625 0.0163934 1 0 ]
[ 50 102 155 1 0.234375 0.409836 0.015625 0.0163934 1 0 ]
[ 54 109 164 1 0.234375 0.442623 0.015625 0.0163934 1 0 ]
[ 52 110 166 1 0.203125 0.442623 0.015625 0.0163934 1 0 ]
[ 73 132 196 1 0.203125 0.47541 0.015625 0.0163934 1 0 ]
[ 59 119 183 1 0.234375 0.47541 0.015625 0.0163934 1 0 ]
[ 74 133 204 1 0.234375 0.508197 0.015625 0.0163934 1 0 ]
[ 66 127 197 1 0.203125 0.508197 0.015625 0.0163934 1 0 ]
[ 70 131 198 1 0.140625 0.47541 0.015625 0.0163934 1 0 ]
[ 66 127 191 1 0.171875 0.47541 0.015625 0.0163934 1 0 ]
[ 75 139 209 1 0.171875 0.508197 0.015625 0.0163934 1 0 ]
[ 79 142 212 1 0.140625 0.508197 0.015625 0.0163934 1 0 ]
[ 43 99 159 1 0.015625 0.409836 0.015625 0.0163934 1 0 ]
[ 43 99 159 1 0.046875 0.409836 0.015625 0.0163934 1 0 ]
[ 47 99 156 1 0.046875 0.442623 0.015625 0.0163934 1 0 ]
[ 32 86 138 1 0.015625 0.442623 0.015625 0.0163934 1 0 ]
[ 44 100 158 1 0.078125 0.409836 0.015625 0.0163934 1 0 ]
[ 36 88 143 1 0.109375 0.409836 0.015625 0.0163934 1 0 ]
[ 65 124 188 1 0.109375 0.442623 0.015625 0.0163934 1 0 ]
[ 52 112 172 1 0.078125 0.442623 0.015625 0.0163934 1 0 ]
[ 66 127 192 1 0.078125 0.47541 0.015625 0.0163934 1 0 ]
[ 70 131 197 1 0.109375 0.47541 0.015625 0.0163934 1 0 ]
[ 73 135 205 1 0.109375 0.508197 0.015625 0.0163934 1 0 ]
[ 70 130 201 1 0.078125 0.508197 0.015625 0.0163934 1 0 ]
[ 43 95 152 1 0.015625 0.47541 0.015625 0.0163934 1 0 ]
[ 55 115 176 1 0.046875 0.47541 0.015625 0.0163934 1 0 ]
[ 61 121 191 1 0.046875 0.508197 0.015625 0.0163934 1 0 ]
[ 53 110 174 1 0.015625 0.508197 0.015625 0.0163934 1 0 ]
[ 60 120 192 1 0.015625 0.540984 0.015625 0.0163934 1 0 ]
[ 73 134 206 1 0.046875 0.540984 0.015625 0.0163934 1 0 ]
[ 80 139 211 1 0.046875 0.57377 0.015625 0.0163934 1 0 ]
[ 73 133 205 1 0.015625 0.57377 0.015625 0.0163934 1 0 ]
[ 82 142 215 1 0.078125 0.540984 0.015625 0.0163934 1 0 ]
[ 85 145 217 1 0.109375 0.540984 0.015625 0.0163934 1 0 ]
[ 82 142 215 1 0.109375 0.57377 0.015625 0.0163934 1 0 ]
[ 83 144 217 1 0.078125 0.57377 0.015625 0.0163934 1 0 ]
[ 79 139 211 1 0.078125 0.606557 0.015625 0.0163934 1 0 ]
[ 79 139 211 1 0.109375 0.606557 0.015625 0.0163934 1 0 ]
[ 52 112 178 1 0.109375 0.639344 0.015625 0.0163934 1 0 ]
[ 45 105 170 1 0.078125 0.639344 0.015625 0.0163934 1 0 ]
[ 70 130 201 1 0.015625 0.606557 0.015625 0.0163934 1 0 ]
[ 76 136 208 1 0.046875 0.606557 0.015625 0.0163934 1 0 ]
[ 52 112 177 1 0.046875 0.639344 0.015625 0.0163934 1 0 ]
[ 53 113 179 1 0.015625 0.639344 0.015625 0.0163934 1 0 ]
[ 89 149 221 1 0.140625 0.540984 0.015625 0.0163934 1 0 ]
[ 79 139 212 1 0.171875 0.540984 0.015625 0.0163934 1 0 ]
[ 81 141 213 1 0.171875 0.57377 0.015625 0.0163934 1 0 ]
[ 83 143 215 1 0.140625 0.57377 0.015625 0.0163934 1 0 ]
[ 77 137 210 1 0.203125 0.540984 0.015625 0.0163934 1 0 ]
[ 83 143 215 1 0.234375 0.540984 0.015625 0.0163934 1 0 ]
[ 71 131 203 1 0.234375 0.57377 0.015625 0.0163934 1 0 ]
[ 75 135 207 1 0.203125 0.57377 0.015625 0.0163934 1 0 ]
[ 81 141 213 1 0.203125 0.606557 0.015625 0.0163934 1 0 ]
[ 78 138 210 1 0.234375 0.606557 0.015625 0.0163934 1 0 ]
[ 74 137 208 1 0.234375 0.639344 0.015625 0.0163934 1 0 ]
[ 65 125 196 1 0.203125 0.639344 0.015625 0.0163934 1 0 ]
[ 81 141 212 1 0.140625 0.606557 0.015625 0.0163934 1 0 ]
[ 78 138 210 1 0.171875 0.606557 0.015625 0.0163934 1 0 ]
[ 60 123 191 1 0.171875 0.639344 0.015625 0.0163934 1 0 ]
[ 51 109 178 1 0.140625 0.639344 0.015625 0.0163934 1 0 ]
[ 54 114 177 1 0.140625 0.672131 0.015625 0.0163934 1 0 ]
[ 50 109 177 1 0.171875 0.672131 0.015625 0.0163934 1 0 ]
[ 59 117 184 1 0.171875 0.704918 0.015625 0.0163934 1 0 ]
[ 49 108 170 1 0.140625 0.704918 0.015625 0.0163934 1 0 ]
[ 54 114 181 1 0.203125 0.672131 0.015625 0.0163934 1 0 ]
[ 65 125 195 1 0.234375 0.672131 0.015625 0.0163934 1 0 ]
[ 58 119 185 1 0.234375 0.704918 0.015625 0.0163934 1 0 ]
[ 61 122 190 1 0.203125 0.704918 0.015625 0.0163934 1 0 ]
[ 49 104 164 1 0.203125 0.737705 0.015625 0.0163934 1 0 ]
[ 51 107 170 1 0.234375 0.737705 0.015625 0.0163934 1 0 ]
[ 39 85 129 1 0.234375 0.770492 0.015625 0.0163934 1 0 ]
[ 40 85 131 1 0.203125 0.770492 0.015625 0.0163934 1 0 ]
[ 42 98 157 1 0.140625 0.737705 0.015625 0.0163934 1 0 ]
[ 40 93 151 1 0.171875 0.737705 0.015625 0.0163934 1 0 ]
[ 43 88 138 1 0.171875 0.770492 0.015625 0.0163934 1 0 ]
[ 36 88 143 1 0.140625 0.770492 0.015625 0.0163934 1 0 ]
[ 47 106 164 1 0.015625 0.672131 0.015625 0.0163934 1 0 ]
[ 45 103 165 1 0.046875 0.672131 0.015625 0.0163934 1 0 ]
[ 40 95 148 1 0.046875 0.704918 0.015625 0.0163934 1 0 ]
[ 43 97 157 1 0.015625 0.704918 0.015625 0.0163934 1 0 ]
[ 57 112 175 1 0.078125 0.672131 0.015625 0.0163934 1 0 ]
[ 57 114 178 1 0.109375 0.672131 0.015625 0.0163934 1 0 ]
[ 44 104 164 1 0.109375 0.704918 0.015625 0.0163934 1 0 ]
[ 39 95 151 1 0.078125 0.704918 0.015625 0.0163934 1 0 ]
[ 52 106 169 1 0.078125 0.737705 0.015625 0.0163934 1 0 ]
[ 51 110 170 1 0.109375 0.737705 0.015625 0.0163934 1 0 ]
[ 60 119 178 1 0.109375 0.770492 0.015625 0.0163934 1 0 ]
[ 59 120 182 1 0.078125 0.770492 0.015625 0.0163934 1 0 ]
[ 49 109 171 1 0.015625 0.737705 0.015625 0.0163934 1 0 ]
[ 49 107 168 1 0.046875 0.737705 0.015625 0.0163934 1 0 ]
[ 59 118 187 1 0.046875 0.770492 0.015625 0.0163934 1 0 ]
[ 57 122 185 1 0.015625 0.770492 0.015625 0.0163934 1 0 ]
[ 47 102 162 1 0.265625 0.0163934 0.015625 0.0163934 1 0 ]
[ 45 104 163 1 0.296875 0.0163934 0.015625 0.0163934 1 0 ]
[ 76 137 202 1 0.296875 0.0491803 0.015625 0.0163934 1 0 ]
[ 77 138 203 1 0.265625 0.0491803 0.015625 0.0163934 1 0 ]
[ 39 95 152 1 0.328125 0.0163934 0.015625 0.0163934 1 0 ]
[ 42 96 148 1 0.359375 0.0163934 0.015625 0.0163934 1 0 ]
[ 66 127 190 1 0.359375 0.0491803 0.015625 0.0163934 1 0 ]
[ 71 132 198 1 0.328125 0.0491803 0.015625 0.0163934 1 0 ]
[ 72 133 196 1 0.328125 0.0819672 0.015625 0.0163934 1 0 ]
[ 68 128 192 1 0.359375 0.0819672 0.015625 0.0163934 1 0 ]
[ 54 114 175 1 0.359375 0.114754 0.015625 0.0163934 1 0 ]
[ 56 118 180 1 0.328125 0.114754 0.015625 0.0163934 1 0 ]
[ 80 141 207 1 0.265625 0.0819672 0.015625 0.0163934 1 0 ]
[ 67 128 195 1 0.296875 0.0819672 0.015625 0.0163934 1 0 ]
[ 67 128 192 1 0.296875 0.114754 0.015625 0.0163934 1 0 ]
[ 62 123 187 1 0.265625 0.114754 0.015625 0.0163934 1 0 ]
[ 32 83 135 1 0.390625 0.0163934 0.015625 0.0163934 1 0 ]
[ 34 85 135 1 0.421875 0.0163934 0.015625 0.0163934 1 0 ]
[ 36 88 135 1 0.421875 0.0491803 0.015625 0.0163934 1 0 ]
[ 44 94 153 1 0.390625 0.0491803 0.015625 0.0163934 1 0 ]
[ 44 97 152 1 0.453125 0.0163934 0.015625 0.0163934 1 0 ]
[ 47 100 151 1 0.484375 0.0163934 0.015625 0.0163934 1 0 ]
[ 38 90 138 1 0.484375 0.0491803 0.015625 0.0163934 1 0 ]
[ 28 78 122 1 0.453125 0.0491803 0.015625 0.0163934 1 0 ]
[ 34 85 133 1 0.453125 0.0819672 0.015625 0.0163934 1 0 ]
[ 31 78 121 1 0.484375 0.0819672 0.015625 0.0163934 1 0 ]
[ 31 78 123 1 0.484375 0.114754 0.015625 0.0163934 1 0 ]
[ 45 100 156 1 0.453125 0.114754 0.015625 0.0163934 1 0 ]
[ 69 129 193 1 0.390625 0.0819672 0.015625 0.0163934 1 0 ]
[ 53 108 165 1 0.421875 0.0819672 0.015625 0.0163934 1 0 ]
[ 54 116 173 1 0.421875 0.114754 0.015625 0.0163934 1 0 ]
[ 56 116 177 1 0.390625 0.114754 0.015625 0.0163934 1 0 ]
[ 48 108 168 1 0.390625 0.147541 0.015625 0.0163934 1 0 ]
[ 51 109 167 1 0.421875 0.147541 0.015625 0.0163934 1 0 ]
[ 50 109 167 1 0.421875 0.180328 0.015625 0.0163934 1 0 ]
[ 51 111 171 1 0.390625 0.180328 0.015625 0.0163934 1 0 ]
[ 46 102 159 1 0.453125 0.147541 0.015625 0.0163934 1 0 ]
[ 35 87 138 1 0.484375 0.147541 0.015625 0.0163934 1 0 ]
[ 47 101 161 1 0.484375 0.180328 0.015625 0.0163934 1 0 ]
[ 49 108 166 1 0.453125 0.180328 0.015625 0.0163934 1 0 ]
[ 51 110 167 1 0.453125 0.213115 0.015625 0.0163934 1 0 ]
[ 54 113 170 1 0.484375 0.213115 0.015625 0.0163934 1 0 ]
[ 49 109 174 1 0.484375 0.245902 0.015625 0.0163934 1 0 ]
[ 44 105 167 1 0.453125 0.245902 0.015625 0.0163934 1 0 ]
[ 52 111 170 1 0.390625 0.213115 0.015625 0.0163934 1 0 ]
[ 50 109 167 1 0.421875 0.213115 0.015625 0.0163934 1 0 ]
[ 49 109 170 1 0.421875 0.245902 0.015625 0.0163934 1 0 ]
[ 49 108 167 1 0.390625 0.245902 0.015625 0.0163934 1 0 ]
[ 64 125 188 1 0.265625 0.147541 0.015625 0.0163934 1 0 ]
[ 59 121 182 1 0.296875 0.147541 0.015625 0.0163934 1 0 ]
[ 51 111 173 1 0.296875 0.180328 0.015625 0.0163934 1 0 ]
[ 55 116 178 1 0.265625 0.180328 0.015625 0.0163934 1 0 ]
[ 55 115 175 1 0.328125 0.147541 0.015625 0.0163934 1 0 ]
[ 58 118 178 1 0.359375 0.147541 0.015625 0.0163934 1 0 ]
[ 50 110 172 1 0.359375 0.180328 0.015625 0.0163934 1 0 ]
[ 52 112 174 1 0.328125 0.180328 0.015625 0.0163934 1 0 ]
[ 61 120 182 1 0.328125 0.213115 0.015625 0.0163934 1 0 ]
[ 62 122 184 1 0.359375 0.213115 0.015625 0.0163934 1 0 ]
[ 42 101 160 1 0.359375 0.245902 0.015625 0.0163934 1 0 ]
[ 50 109 170 1 0.328125 0.245902 0.015625 0.0163934 1 0 ]
[ 59 119 181 1 0.265625 0.213115 0.015625 0.0163934 1 0 ]
[ 55 116 178 1 0.296875 0.213115 0.015625 0.0163934 1 0 ]
[ 59 118 177 1 0.296875 0.245902 0.015625 0.0163934 1 0 ]
[ 24 81 140 1 0.265625 0.245902 0.015625 0.0163934 1 0 ]
[ 40 92 149 1 0.265625 0.278689 0.015625 0.0163934 1 0 ]
[ 46 103 160 1 0.296875 0.278689 0.015625 0.0163934 1 0 ]
[ 43 99 158 1 0.296875 0.311475 0.015625 0.0163934 1 0 ]
[ 45 100 158 1 0.265625 0.311475 0.015625 0.0163934 1 0 ]
[ 45 104 160 1 0.328125 0.278689 0.015625 0.0163934 1 0 ]
[ 52 111 175 1 0.359375 0.278689 0.015625 0.0163934 1 0 ]
[ 62 122 190 1 0.359375 0.311475 0.015625 0.0163934 1 0 ]
[ 55 116 179 1 0.328125 0.311475 0.015625 0.0163934 1 0 ]
[ 61 121 189 1 0.328125 0.344262 0.015625 0.0163934 1 0 ]
[ 63 123 193 1 0.359375 0.344262 0.015625 0.0163934 1 0 ]
[ 71 131 201 1 0.359375 0.377049 0.015625 0.0163934 1 0 ]
[ 57 117 181 1 0.328125 0.377049 0.015625 0.0163934 1 0 ]
[ 47 102 159 1 0.265625 0.344262 0.015625 0.0163934 1 0 ]
[ 47 104 163 1 0.296875 0.344262 0.015625 0.0163934 1 0 ]
[ 49 103 159 1 0.296875 0.377049 0.015625 0.0163934 1 0 ]
[ 36 88 136 1 0.265625 0.377049 0.015625 0.0163934 1 0 ]
[ 60 120 186 1 0.390625 0.278689 0.015625 0.0163934 1 0 ]
[ 70 129 199 1 0.421875 0.278689 0.015625 0.0163934 1 0 ]
[ 84 144 216 1 0.421875 0.311475 0.015625 0.0163934 1 0 ]
[ 78 138 208 1 0.390625 0.311475 0.015625 0.0163934 1 0 ]
[ 81 141 211 1 0.453125 0.278689 0.015625 0.0163934 1 0 ]
[ 88 148 220 1 0.484375 0.278689 0.015625 0.0163934 1 0 ]
[ 90 150 223 1 0.484375 0.311475 0.015625 0.0163934 1 0 ]
[ 83 143 217 1 0.453125 0.311475 0.015625 0.0163934 1 0 ]
[ 86 145 221 1 0.453125 0.344262 0.015625 0.0163934 1 0 ]
[ 87 147 221 1 0.484375 0.344262 0.015625 0.0163934 1 0 ]
[ 91 151 224 1 0.484375 0.377049 0.015625 0.0163934 1 0 ]
[ 86 146 219 1 0.453125 0.377049 0.015625 0.0163934 1 0 ]
[ 69 129 200 1 0.390625 0.344262 0.015625 0.0163934 1 0 ]
[ 88 148 221 1 0.421875 0.344262 0.015625 0.0163934 1 0 ]
[ 78 137 209 1 0.421875 0.377049 0.015625 0.0163934 1 0 ]
[ 85 144 214 1 0.390625 0.377049 0.015625 0.0163934 1 0 ]
[ 62 121 188 1 0.390625 0.409836 0.015625 0.0163934 1 0 ]
[ 72 131 201 1 0.421875 0.409836 0.015625 0.0163934 1 0 ]
[ 48 104 163 1 0.421875 0.442623 0.015625 0.0163934 1 0 ]
[ 51 105 165 1 0.390625 0.442623 0.015625 0.0163934 1 0 ]
[ 76 138 209 1 0.453125 0.409836 0.015625 0.0163934 1 0 ]
[ 80 140 211 1 0.484375 0.409836 0.015625 0.0163934 1 0 ]
[ 44 100 160 1 0.484375 0.442623 0.015625 0.0163934 1 0 ]
[ 37 97 154 1 0.453125 0.442623 0.015625 0.0163934 1 0 ]
[ 39 96 151 1 0.453125 0.47541 0.015625 0.0163934 1 0 ]
[ 47 103 162 1 0.484375 0.47541 0.015625 0.0163934 1 0 ]
[ 46 103 161 1 0.484375 0.508197 0.015625 0.0163934 1 0 ]
[ 61 120 181 1 0.453125 0.508197 0.015625 0.0163934 1 0 ]
[ 47 101 161 1 0.390625 0.47541 0.015625 0.0163934 1 0 ]
[ 49 105 164 1 0.421875 0.47541 0.015625 0.0163934 1 0 ]
[ 68 127 186 1 0.421875 0.508197 0.015625 0.0163934 1 0 ]
[ 50 109 166 1 0.390625 0.508197 0.015625 0.0163934 1 0 ]
[ 52 105 156 1 0.265625 0.409836 0.015625 0.0163934 1 0 ]
[ 51 103 158 1 0.296875 0.409836 0.015625 0.0163934 1 0 ]
[ 47 105 160 1 0.296875 0.442623 0.015625 0.0163934 1 0 ]
[ 42 98 155 1 0.265625 0.442623 0.015625 0.0163934 1 0 ]
[ 42 95 149 1 0.328125 0.409836 0.015625 0.0163934 1 0 ]
[ 55 112 175 1 0.359375 0.409836 0.015625 0.0163934 1 0 ]
[ 37 92 149 1 0.359375 0.442623 0.015625 0.0163934 1 0 ]
[ 58 113 170 1 0.328125 0.442623 0.015625 0.0163934 1 0 ]
[ 39 97 154 1 0.328125 0.47541 0.015625 0.0163934 1 0 ]
[ 63 117 177 1 0.359375 0.47541 0.015625 0.0163934 1 0 ]
[ 54 112 173 1 0.359375 0.508197 0.015625 0.0163934 1 0 ]
[ 65 125 188 1 0.328125 0.508197 0.015625 0.0163934 1 0 ]
[ 58 116 179 1 0.265625 0.47541 0.015625 0.0163934 1 0 ]
[ 44 103 160 1 0.296875 0.47541 0.015625 0.0163934 1 0 ]
[ 74 135 198 1 0.296875 0.508197 0.015625 0.0163934 1 0 ]
[ 63 124 190 1 0.265625 0.508197 0.015625 0.0163934 1 0 ]
[ 74 135 203 1 0.265625 0.540984 0.015625 0.0163934 1 0 ]
[ 75 135 203 1 0.296875 0.540984 0.015625 0.0163934 1 0 ]
[ 61 122 187 1 0.296875 0.57377 0.015625 0.0163934 1 0 ]
[ 69 129 199 1 0.265625 0.57377 0.015625 0.0163934 1 0 ]
[ 65 126 193 1 0.328125 0.540984 0.015625 0.0163934 1 0 ]
[ 70 131 197 1 0.359375 0.540984 0.015625 0.0163934 1 0 ]
[ 74 134 204 1 0.359375 0.57377 0.015625 0.0163934 1 0 ]
[ 74 135 203 1 0.328125 0.57377 0.015625 0.0163934 1 0 ]
[ 69 131 200 1 0.328125 0.606557 0.015625 0.0163934 1 0 ]
[ 70 133 204 1 0.359375 0.606557 0.015625 0.0163934 1 0 ]
[ 76 138 209 1 0.359375 0.639344 0.015625 0.0163934 1 0 ]
[ 69 132 203 1 0.328125 0.639344 0.015625 0.0163934 1 0 ]
[ 77 138 208 1 0.265625 0.606557 0.015625 0.0163934 1 0 ]
[ 68 131 199 1 0.296875 0.606557 0.015625 0.0163934 1 0 ]
[ 78 138 209 1 0.296875 0.639344 0.015625 0.0163934 1 0 ]
[ 82 143 214 1 0.265625 0.639344 0.015625 0.0163934 1 0 ]
[ 67 128 195 1 0.390625 0.540984 0.015625 0.0163934 1 0 ]
[ 66 125 191 1 0.421875 0.540984 0.015625 0.0163934 1 0 ]
[ 75 136 203 1 0.421875 0.57377 0.015625 0.0163934 1 0 ]
[ 71 131 201 1 0.390625 0.57377 0.015625 0.0163934 1 0 ]
[ 59 121 184 1 0.453125 0.540984 0.015625 0.0163934 1 0 ]
[ 67 129 190 1 0.484375 0.540984 0.015625 0.0163934 1 0 ]
[ 62 122 185 1 0.484375 0.57377 0.015625 0.0163934 1 0 ]
[ 60 121 184 1 0.453125 0.57377 0.015625 0.0163934 1 0 ]
[ 70 130 195 1 0.453125 0.606557 0.015625 0.0163934 1 0 ]
[ 57 119 188 1 0.484375 0.606557 0.015625 0.0163934 1 0 ]
[ 68 127 197 1 0.484375 0.639344 0.015625 0.0163934 1 0 ]
[ 77 137 209 1 0.453125 0.639344 0.015625 0.0163934 1 0 ]
[ 74 137 208 1 0.390625 0.606557 0.015625 0.0163934 1 0 ]
[ 65 125 196 1 0.421875 0.606557 0.015625 0.0163934 1 0 ]
[ 75 135 207 1 0.421875 0.639344 0.015625 0.0163934 1 0 ]
[ 82 143 215 1 0.390625 0.639344 0.015625 0.0163934 1 0 ]
[ 75 135 208 1 0.390625 0.672131 0.015625 0.0163934 1 0 ]
[ 76 136 208 1 0.421875 0.672131 0.015625 0.0163934 1 0 ]
[ 62 122 192 1 0.421875 0.704918 0.015625 0.0163934 1 0 ]
[ 68 131 201 1 0.390625 0.704918 0.015625 0.0163934 1 0 ]
[ 76 136 208 1 0.453125 0.672131 0.015625 0.0163934 1 0 ]
[ 77 137 208 1 0.484375 0.672131 0.015625 0.0163934 1 0 ]
[ 66 125 197 1 0.484375 0.704918 0.015625 0.0163934 1 0 ]
[ 66 126 198 1 0.453125 0.704918 0.015625 0.0163934 1 0 ]
[ 54 114 177 1 0.453125 0.737705 0.015625 0.0163934 1 0 ]
[ 48 109 172 1 0.484375 0.737705 0.015625 0.0163934 1 0 ]
[ 70 128 196 1 0.484375 0.770492 0.015625 0.0163934 1 0 ]
[ 63 118 181 1 0.453125 0.770492 0.015625 0.0163934 1 0 ]
[ 66 124 190 1 0.390625 0.737705 0.015625 0.0163934 1 0 ]
[ 66 126 191 1 0.421875 0.737705 0.015625 0.0163934 1 0 ]
[ 50 109 172 1 0.421875 0.770492 0.015625 0.0163934 1 0 ]
[ 57 116 176 1 0.390625 0.770492 0.015625 0.0163934 1 0 ]
[ 69 128 198 1 0.265625 0.672131 0.015625 0.0163934 1 0 ]
[ 72 132 203 1 0.296875 0.672131 0.015625 0.0163934 1 0 ]
[ 79 139 210 1 0.296875 0.704918 0.015625 0.0163934 1 0 ]
[ 70 131 198 1 0.265625 0.704918 0.015625 0.0163934 1 0 ]
[ 81 141 213 1 0.328125 0.672131 0.015625 0.0163934 1 0 ]
[ 90 150 222 1 0.359375 0.672131 0.015625 0.0163934 1 0 ]
[ 65 125 196 1 0.359375 0.704918 0.015625 0.0163934 1 0 ]
[ 64 124 195 1 0.328125 0.704918 0.015625 0.0163934 1 0 ]
[ 58 117 183 1 0.328125 0.737705 0.015625 0.0163934 1 0 ]
[ 58 117 184 1 0.359375 0.737705 0.015625 0.0163934 1 0 ]
[ 51 105 167 1 0.359375 0.770492 0.015625 0.0163934 1 0 ]
[ 47 98 157 1 0.328125 0.770492 0.015625 0.0163934 1 0 ]
[ 64 125 191 1 0.265625 0.737705 0.015625 0.0163934 1 0 ]
[ 59 119 184 1 0.296875 0.737705 0.015625 0.0163934 1 0 ]
[ 44 98 150 1 0.296875 0.770492 0.015625 0.0163934 1 0 ]
[ 38 86 141 1 0.265625 0.770492 0.015625 0.0163934 1 0 ]
[ 34 87 136 1 0.515625 0.0163934 0.015625 0.0163934 1 0 ]
[ 31 82 127 1 0.546875 0.0163934 0.015625 0.0163934 1 0 ]
[ 42 90 132 1 0.546875 0.0491803 0.015625 0.0163934 1 0 ]
[ 34 85 133 1 0.515625 0.0491803 0.015625 0.0163934 1 0 ]
[ 61 106 148 1 0.578125 0.0163934 0.015625 0.0163934 1 0 ]
[ 31 81 128 1 0.609375 0.0163934 0.015625 0.0163934 1 0 ]
[ 49 98 145 1 0.609375 0.0491803 0.015625 0.0163934 1 0 ]
[ 24 68 107 1 0.578125 0.0491803 0.015625 0.0163934 1 0 ]
[ 28 74 115 1 0.578125 0.0819672 0.015625 0.0163934 1 0 ]
[ 30 75 116 1 0.609375 0.0819672 0.015625 0.0163934 1 0 ]
[ 18 61 99 1 0.609375 0.114754 0.015625 0.0163934 1 0 ]
[ 25 69 105 1 0.578125 0.114754 0.015625 0.0163934 1 0 ]
[ 42 95 140 1 0.515625 0.0819672 0.015625 0.0163934 1 0 ]
[ 28 75 116 1 0.546875 0.0819672 0.015625 0.0163934 1 0 ]
[ 32 79 119 1 0.546875 0.114754 0.015625 0.0163934 1 0 ]
[ 41 88 131 1 0.515625 0.114754 0.015625 0.0163934 1 0 ]
[ 47 100 149 1 0.640625 0.0163934 0.015625 0.0163934 1 0 ]
[ 45 101 157 1 0.671875 0.0163934 0.015625 0.0163934 1 0 ]
[ 47 101 156 1 0.671875 0.0491803 0.015625 0.0163934 1 0 ]
[ 56 109 160 1 0.640625 0.0491803 0.015625 0.0163934 1 0 ]
[ 56 115 173 1 0.703125 0.0163934 0.015625 0.0163934 1 0 ]
[ 53 113 174 1 0.734375 0.0163934 0.015625 0.0163934 1 0 ]
[ 59 118 176 1 0.734375 0.0491803 0.015625 0.0163934 1 0 ]
[ 49 104 160 1 0.703125 0.0491803 0.015625 0.0163934 1 0 ]
[ 44 97 147 1 0.703125 0.0819672 0.015625 0.0163934 1 0 ]
[ 54 109 165 1 0.734375 0.0819672 0.015625 0.0163934 1 0 ]
[ 53 109 166 1 0.734375 0.114754 0.015625 0.0163934 1 0 ]
[ 31 83 135 1 0.703125 0.114754 0.015625 0.0163934 1 0 ]
[ 43 94 139 1 0.640625 0.0819672 0.015625 0.0163934 1 0 ]
[ 44 97 146 1 0.671875 0.0819672 0.015625 0.0163934 1 0 ]
[ 42 94 141 1 0.671875 0.114754 0.015625 0.0163934 1 0 ]
[ 33 80 117 1 0.640625 0.114754 0.015625 0.0163934 1 0 ]
[ 32 80 120 1 0.640625 0.147541 0.015625 0.0163934 1 0 ]
[ 44 97 151 1 0.671875 0.147541 0.015625 0.0163934 1 0 ]
[ 56 116 178 1 0.671875 0.180328 0.015625 0.0163934 1 0 ]
[ 37 85 133 1 0.640625 0.180328 0.015625 0.0163934 1 0 ]
[ 49 107 170 1 0.703125 0.147541 0.015625 0.0163934 1 0 ]
[ 57 117 183 1 0.734375 0.147541 0.015625 0.0163934 1 0 ]
[ 63 124 191 1 0.734375 0.180328 0.015625 0.0163934 1 0 ]
[ 63 124 189 1 0.703125 0.180328 0.015625 0.0163934 1 0 ]
[ 60 121 187 1 0.703125 0.213115 0.015625 0.0163934 1 0 ]
[ 62 123 193 1 0.734375 0.213115 0.015625 0.0163934 1 0 ]
[ 43 103 167 1 0.734375 0.245902 0.015625 0.0163934 1 0 ]
[ 62 122 187 1 0.703125 0.245902 0.015625 0.0163934 1 0 ]
[ 63 124 187 1 0.640625 0.213115 0.015625 0.0163934 1 0 ]
[ 58 119 184 1 0.671875 0.213115 0.015625 0.0163934 1 0 ]
[ 59 119 189 1 0.671875 0.245902 0.015625 0.0163934 1 0 ]
[ 61 121 190 1 0.640625 0.245902 0.015625 0.0163934 1 0 ]
[ 44 94 144 1 0.515625 0.147541 0.015625 0.0163934 1 0 ]
[ 33 80 124 1 0.546875 0.147541 0.015625 0.0163934 1 0 ]
[ 40 91 140 1 0.546875 0.180328 0.015625 0.0163934 1 0 ]
[ 35 87 137 1 0.515625 0.180328 0.015625 0.0163934 1 0 ]
[ 21 61 96 1 0.578125 0.147541 0.015625 0.0163934 1 0 ]
[ 26 67 101 1 0.609375 0.147541 0.015625 0.0163934 1 0 ]
[ 17 59 100 1 0.609375 0.180328 0.015625 0.0163934 1 0 ]
[ 33 81 127 1 0.578125 0.180328 0.015625 0.0163934 1 0 ]
[ 65 122 183 1 0.578125 0.213115 0.015625 0.0163934 1 0 ]
[ 60 118 181 1 0.609375 0.213115 0.015625 0.0163934 1 0 ]
[ 80 143 211 1 0.609375 0.245902 0.015625 0.0163934 1 0 ]
[ 83 143 216 1 0.578125 0.245902 0.015625 0.0163934 1 0 ]
[ 53 110 167 1 0.515625 0.213115 0.015625 0.0163934 1 0 ]
[ 55 113 168 1 0.546875 0.213115 0.015625 0.0163934 1 0 ]
[ 83 143 211 1 0.546875 0.245902 0.015625 0.0163934 1 0 ]
[ 71 131 199 1 0.515625 0.245902 0.015625 0.0163934 1 0 ]
[ 90 150 222 1 0.515625 0.278689 0.015625 0.0163934 1 0 ]
[ 93 153 225 1 0.546875 0.278689 0.015625 0.0163934 1 0 ]
[ 91 150 227 1 0.546875 0.311475 0.015625 0.0163934 1 0 ]
[ 97 157 231 1 0.515625 0.311475 0.015625 0.0163934 1 0 ]
[ 84 144 216 1 0.578125 0.278689 0.015625 0.0163934 1 0 ]
[ 84 144 217 1 0.609375 0.278689 0.015625 0.0163934 1 0 ]
[ 82 142 215 1 0.609375 0.311475 0.015625 0.0163934 1 0 ]
[ 86 145 220 1 0.578125 0.311475 0.015625 0.0163934 1 0 ]
[ 88 148 220 1 0.578125 0.344262 0.015625 0.0163934 1 0 ]
[ 86 146 219 1 0.609375 0.344262 0.015625 0.0163934 1 0 ]
[ 80 142 215 1 0.609375 0.377049 0.015625 0.0163934 1 0 ]
[ 86 146 219 1 0.578125 0.377049 0.015625 0.0163934 1 0 ]
[ 93 152 229 1 0.515625 0.344262 0.015625 0.0163934 1 0 ]
[ 94 153 228 1 0.546875 0.344262 0.015625 0.0163934 1 0 ]
[ 77 137 210 1 0.546875 0.377049 0.015625 0.0163934 1 0 ]
[ 80 139 216 1 0.515625 0.377049 0.015625 0.0163934 1 0 ]
[ 81 141 213 1 0.640625 0.278689 0.015625 0.0163934 1 0 ]
[ 71 131 203 1 0.671875 0.278689 0.015625 0.0163934 1 0 ]
[ 79 141 214 1 0.671875 0.311475 0.015625 0.0163934 1 0 ]
[ 86 146 219 1 0.640625 0.311475 0.015625 0.0163934 1 0 ]
[ 64 124 196 1 0.703125 0.278689 0.015625 0.0163934 1 0 ]
[ 57 116 184 1 0.734375 0.278689 0.015625 0.0163934 1 0 ]
[ 65 128 198 1 0.734375 0.311475 0.015625 0.0163934 1 0 ]
[ 78 138 210 1 0.703125 0.311475 0.015625 0.0163934 1 0 ]
[ 73 135 208 1 0.703125 0.344262 0.015625 0.0163934 1 0 ]
[ 75 134 207 1 0.734375 0.344262 0.015625 0.0163934 1 0 ]
[ 75 135 208 1 0.734375 0.377049 0.015625 0.0163934 1 0 ]
[ 76 138 211 1 0.703125 0.377049 0.015625 0.0163934 1 0 ]
[ 84 147 219 1 0.640625 0.344262 0.015625 0.0163934 1 0 ]
[ 75 137 210 1 0.671875 0.344262 0.015625 0.0163934 1 0 ]
[ 78 140 213 1 0.671875 0.377049 0.015625 0.0163934 1 0 ]
[ 81 142 215 1 0.640625 0.377049 0.015625 0.0163934 1 0 ]
[ 72 131 204 1 0.640625 0.409836 0.015625 0.0163934 1 0 ]
[ 73 134 206 1 0.671875 0.409836 0.015625 0.0163934 1 0 ]
[ 60 119 189 1 0.671875 0.442623 0.015625 0.0163934 1 0 ]
[ 56 115 182 1 0.640625 0.442623 0.015625 0.0163934 1 0 ]
[ 78 139 211 1 0.703125 0.409836 0.015625 0.0163934 1 0 ]
[ 80 140 213 1 0.734375 0.409836 0.015625 0.0163934 1 0 ]
[ 67 129 194 1 0.734375 0.442623 0.015625 0.0163934 1 0 ]
[ 71 131 200 1 0.703125 0.442623 0.015625 0.0163934 1 0 ]
[ 47 102 165 1 0.703125 0.47541 0.015625 0.0163934 1 0 ]
[ 46 109 170 1 0.734375 0.47541 0.015625 0.0163934 1 0 ]
[ 60 122 189 1 0.734375 0.508197 0.015625 0.0163934 1 0 ]
[ 51 112 174 1 0.703125 0.508197 0.015625 0.0163934 1 0 ]
[ 40 94 151 1 0.640625 0.47541 0.015625 0.0163934 1 0 ]
[ 49 108 165 1 0.671875 0.47541 0.015625 0.0163934 1 0 ]
[ 43 103 161 1 0.671875 0.508197 0.015625 0.0163934 1 0 ]
[ 40 96 152 1 0.640625 0.508197 0.015625 0.0163934 1 0 ]
[ 65 125 196 1 0.515625 0.409836 0.015625 0.0163934 1 0 ]
[ 72 132 204 1 0.546875 0.409836 0.015625 0.0163934 1 0 ]
[ 58 113 174 1 0.546875 0.442623 0.015625 0.0163934 1 0 ]
[ 42 98 158 1 0.515625 0.442623 0.015625 0.0163934 1 0 ]
[ 67 128 197 1 0.578125 0.409836 0.015625 0.0163934 1 0 ]
[ 62 122 193 1 0.609375 0.409836 0.015625 0.0163934 1 0 ]
[ 59 115 176 1 0.609375 0.442623 0.015625 0.0163934 1 0 ]
[ 52 111 172 1 0.578125 0.442623 0.015625 0.0163934 1 0 ]
[ 43 93 152 1 0.578125 0.47541 0.015625 0.0163934 1 0 ]
[ 31 84 139 1 0.609375 0.47541 0.015625 0.0163934 1 0 ]
[ 44 96 147 1 0.609375 0.508197 0.015625 0.0163934 1 0 ]
[ 43 95 146 1 0.578125 0.508197 0.015625 0.0163934 1 0 ]
[ 35 91 149 1 0.515625 0.47541 0.015625 0.0163934 1 0 ]
[ 44 101 157 1 0.546875 0.47541 0.015625 0.0163934 1 0 ]
[ 31 85 144 1 0.546875 0.508197 0.015625 0.0163934 1 0 ]
[ 37 94 153 1 0.515625 0.508197 0.015625 0.0163934 1 0 ]
[ 62 118 182 1 0.515625 0.540984 0.015625 0.0163934 1 0 ]
[ 54 108 169 1 0.546875 0.540984 0.015625 0.0163934 1 0 ]
[ 52 110 173 1 0.546875 0.57377 0.015625 0.0163934 1 0 ]
[ 59 119 183 1 0.515625 0.57377 0.015625 0.0163934 1 0 ]
[ 25 77 126 1 0.578125 0.540984 0.015625 0.0163934 1 0 ]
[ 15 68 113 1 0.609375 0.540984 0.015625 0.0163934 1 0 ]
[ 32 85 138 1 0.609375 0.57377 0.015625 0.0163934 1 0 ]
[ 45 99 160 1 0.578125 0.57377 0.015625 0.0163934 1 0 ]
[ 51 111 170 1 0.578125 0.606557 0.015625 0.0163934 1 0 ]
[ 47 104 161 1 0.609375 0.606557 0.015625 0.0163934 1 0 ]
[ 40 100 160 1 0.609375 0.639344 0.015625 0.0163934 1 0 ]
[ 53 113 175 1 0.578125 0.639344 0.015625 0.0163934 1 0 ]
[ 58 118 184 1 0.515625 0.606557 0.015625 0.0163934 1 0 ]
[ 52 112 175 1 0.546875 0.606557 0.015625 0.0163934 1 0 ]
[ 63 124 190 1 0.546875 0.639344 0.015625 0.0163934 1 0 ]
[ 61 123 193 1 0.515625 0.639344 0.015625 0.0163934 1 0 ]
[ 44 99 158 1 0.640625 0.540984 0.015625 0.0163934 1 0 ]
[ 58 117 179 1 0.671875 0.540984 0.015625 0.0163934 1 0 ]
[ 61 122 186 1 0.671875 0.57377 0.015625 0.0163934 1 0 ]
[ 62 121 181 1 0.640625 0.57377 0.015625 0.0163934 1 0 ]
[ 65 126 194 1 0.703125 0.540984 0.015625 0.0163934 1 0 ]
[ 67 130 200 1 0.734375 0.540984 0.015625 0.0163934 1 0 ]
[ 69 132 203 1 0.734375 0.57377 0.015625 0.0163934 1 0 ]
[ 65 125 195 1 0.703125 0.57377 0.015625 0.0163934 1 0 ]
[ 63 128 196 1 0.703125 0.606557 0.015625 0.0163934 1 0 ]
[ 72 135 204 1 0.734375 0.606557 0.015625 0.0163934 1 0 ]
[ 70 133 204 1 0.734375 0.639344 0.015625 0.0163934 1 0 ]
[ 61 124 194 1 0.703125 0.639344 0.015625 0.0163934 1 0 ]
[ 47 105 167 1 0.640625 0.606557 0.015625 0.0163934 1 0 ]
[ 60 122 188 1 0.671875 0.606557 0.015625 0.0163934 1 0 ]
[ 57 119 186 1 0.671875 0.639344 0.015625 0.0163934 1 0 ]
[ 45 105 166 1 0.640625 0.639344 0.015625 0.0163934 1 0 ]
[ 68 127 197 1 0.640625 0.672131 0.015625 0.0163934 1 0 ]
[ 69 129 200 1 0.671875 0.672131 0.015625 0.0163934 1 0 ]
[ 86 146 220 1 0.671875 0.704918 0.015625 0.0163934 1 0 ]
[ 80 140 212 1 0.640625 0.704918 0.015625 0.0163934 1 0 ]
[ 81 139 212 1 0.703125 0.672131 0.015625 0.0163934 1 0 ]
[ 76 139 210 1 0.734375 0.672131 0.015625 0.0163934 1 0 ]
[ 75 135 207 1 0.734375 0.704918 0.015625 0.0163934 1 0 ]
[ 79 139 211 1 0.703125 0.704918 0.015625 0.0163934 1 0 ]
[ 74 134 204 1 0.703125 0.737705 0.015625 0.0163934 1 0 ]
[ 67 127 197 1 0.734375 0.737705 0.015625 0.0163934 1 0 ]
[ 58 118 181 1 0.734375 0.770492 0.015625 0.0163934 1 0 ]
[ 67 128 192 1 0.703125 0.770492 0.015625 0.0163934 1 0 ]
[ 76 136 209 1 0.640625 0.737705 0.015625 0.0163934 1 0 ]
[ 83 142 214 1 0.671875 0.737705 0.015625 0.0163934 1 0 ]
[ 67 128 196 1 0.671875 0.770492 0.015625 0.0163934 1 0 ]
[ 62 122 193 1 0.640625 0.770492 0.015625 0.0163934 1 0 ]
[ 72 135 204 1 0.515625 0.672131 0.015625 0.0163934 1 0 ]
[ 61 123 193 1 0.546875 0.672131 0.015625 0.0163934 1 0 ]
[ 66 126 197 1 0.546875 0.704918 0.015625 0.0163934 1 0 ]
[ 57 120 190 1 0.515625 0.704918 0.015625 0.0163934 1 0 ]
[ 53 114 180 1 0.578125 0.672131 0.015625 0.0163934 1 0 ]
[ 43 104 168 1 0.609375 0.672131 0.015625 0.0163934 1 0 ]
[ 84 144 216 1 0.609375 0.704918 0.015625 0.0163934 1 0 ]
[ 69 129 203 1 0.578125 0.704918 0.015625 0.0163934 1 0 ]
[ 71 134 204 1 0.578125 0.737705 0.015625 0.0163934 1 0 ]
[ 77 137 209 1 0.609375 0.737705 0.015625 0.0163934 1 0 ]
[ 68 131 199 1 0.609375 0.770492 0.015625 0.0163934 1 0 ]
[ 78 139 211 1 0.578125 0.770492 0.015625 0.0163934 1 0 ]
[ 52 113 178 1 0.515625 0.737705 0.015625 0.0163934 1 0 ]
[ 60 123 193 1 0.546875 0.737705 0.015625 0.0163934 1 0 ]
[ 83 143 215 1 0.546875 0.770492 0.015625 0.0163934 1 0 ]
[ 78 137 206 1 0.515625 0.770492 0.015625 0.0163934 1 0 ]
[ 60 120 182 1 0.765625 0.0163934 0.015625 0.0163934 1 0 ]
[ 49 110 169 1 0.796875 0.0163934 0.015625 0.0163934 1 0 ]
[ 60 120 180 1 0.796875 0.0491803 0.015625 0.0163934 1 0 ]
[ 58 118 179 1 0.765625 0.0491803 0.015625 0.0163934 1 0 ]
[ 43 100 159 1 0.828125 0.0163934 0.015625 0.0163934 1 0 ]
[ 53 110 167 1 0.859375 0.0163934 0.015625 0.0163934 1 0 ]
[ 50 109 165 1 0.859375 0.0491803 0.015625 0.0163934 1 0 ]
[ 46 106 165 1 0.828125 0.0491803 0.015625 0.0163934 1 0 ]
[ 47 107 169 1 0.828125 0.0819672 0.015625 0.0163934 1 0 ]
[ 51 111 172 1 0.859375 0.0819672 0.015625 0.0163934 1 0 ]
[ 62 123 190 1 0.859375 0.114754 0.015625 0.0163934 1 0 ]
[ 67 128 195 1 0.828125 0.114754 0.015625 0.0163934 1 0 ]
[ 50 110 170 1 0.765625 0.0819672 0.015625 0.0163934 1 0 ]
[ 44 104 165 1 0.796875 0.0819672 0.015625 0.0163934 1 0 ]
[ 51 112 175 1 0.796875 0.114754 0.015625 0.0163934 1 0 ]
[ 54 114 176 1 0.765625 0.114754 0.015625 0.0163934 1 0 ]
[ 40 94 148 1 0.890625 0.0163934 0.015625 0.0163934 1 0 ]
[ 42 97 152 1 0.921875 0.0163934 0.015625 0.0163934 1 0 ]
[ 44 100 157 1 0.921875 0.0491803 0.015625 0.0163934 1 0 ]
[ 44 100 157 1 0.890625 0.0491803 0.015625 0.0163934 1 0 ]
[ 46 103 159 1 0.953125 0.0163934 0.015625 0.0163934 1 0 ]
[ 43 101 159 1 0.984375 0.0163934 0.015625 0.0163934 1 0 ]
[ 55 114 174 1 0.984375 0.0491803 0.015625 0.0163934 1 0 ]
[ 47 105 164 1 0.953125 0.0491803 0.015625 0.0163934 1 0 ]
[ 48 107 171 1 0.953125 0.0819672 0.015625 0.0163934 1 0 ]
[ 52 112 175 1 0.984375 0.0819672 0.015625 0.0163934 1 0 ]
[ 67 130 201 1 0.984375 0.114754 0.015625 0.0163934 1 0 ]
[ 65 128 197 1 0.953125 0.114754 0.015625 0.0163934 1 0 ]
[ 54 110 168 1 0.890625 0.0819672 0.015625 0.0163934 1 0 ]
[ 50 111 166 1 0.921875 0.0819672 0.015625 0.0163934 1 0 ]
[ 59 120 188 1 0.921875 0.114754 0.015625 0.0163934 1 0 ]
[ 63 124 191 1 0.890625 0.114754 0.015625 0.0163934 1 0 ]
[ 87 149 222 1 0.890625 0.147541 0.015625 0.0163934 1 0 ]
[ 71 133 206 1 0.921875 0.147541 0.015625 0.0163934 1 0 ]
[ 80 142 218 1 0.921875 0.180328 0.015625 0.0163934 1 0 ]
[ 79 141 216 1 0.890625 0.180328 0.015625 0.0163934 1 0 ]
[ 80 142 215 1 0.953125 0.147541 0.015625 0.0163934 1 0 ]
[ 79 141 214 1 0.984375 0.147541 0.015625 0.0163934 1 0 ]
[ 77 141 213 1 0.984375 0.180328 0.015625 0.0163934 1 0 ]
[ 81 144 215 1 0.953125 0.180328 0.015625 0.0163934 1 0 ]
[ 77 138 211 1 0.953125 0.213115 0.015625 0.0163934 1 0 ]
[ 67 130 200 1 0.984375 0.213115 0.015625 0.0163934 1 0 ]
[ 52 113 180 1 0.984375 0.245902 0.015625 0.0163934 1 0 ]
[ 62 122 191 1 0.953125 0.245902 0.015625 0.0163934 1 0 ]
[ 76 137 211 1 0.890625 0.213115 0.015625 0.0163934 1 0 ]
[ 77 139 212 1 0.921875 0.213115 0.015625 0.0163934 1 0 ]
[ 62 122 193 1 0.921875 0.245902 0.015625 0.0163934 1 0 ]
[ 76 137 209 1 0.890625 0.245902 0.015625 0.0163934 1 0 ]
[ 62 123 188 1 0.765625 0.147541 0.015625 0.0163934 1 0 ]
[ 65 128 198 1 0.796875 0.147541 0.015625 0.0163934 1 0 ]
[ 72 134 207 1 0.796875 0.180328 0.015625 0.0163934 1 0 ]
[ 69 132 202 1 0.765625 0.180328 0.015625 0.0163934 1 0 ]
[ 73 133 205 1 0.828125 0.147541 0.015625 0.0163934 1 0 ]
[ 78 138 211 1 0.859375 0.147541 0.015625 0.0163934 1 0 ]
[ 80 141 214 1 0.859375 0.180328 0.015625 0.0163934 1 0 ]
[ 81 144 217 1 0.828125 0.180328 0.015625 0.0163934 1 0 ]
[ 84 146 219 1 0.828125 0.213115 0.015625 0.0163934 1 0 ]
[ 87 149 222 1 0.859375 0.213115 0.015625 0.0163934 1 0 ]
[ 61 124 196 1 0.859375 0.245902 0.015625 0.0163934 1 0 ]
[ 61 123 195 1 0.828125 0.245902 0.015625 0.0163934 1 0 ]
[ 79 141 212 1 0.765625 0.213115 0.015625 0.0163934 1 0 ]
[ 76 137 211 1 0.796875 0.213115 0.015625 0.0163934 1 0 ]
[ 59 120 187 1 0.796875 0.245902 0.015625 0.0163934 1 0 ]
[ 54 116 182 1 0.765625 0.245902 0.015625 0.0163934 1 0 ]
[ 45 106 169 1 0.765625 0.278689 0.015625 0.0163934 1 0 ]
[ 35 92 156 1 0.796875 0.278689 0.015625 0.0163934 1 0 ]
[ 67 128 196 1 0.796875 0.311475 0.015625 0.0163934 1 0 ]
[ 58 120 188 1 0.765625 0.311475 0.015625 0.0163934 1 0 ]
[ 52 112 175 1 0.828125 0.278689 0.015625 0.0163934 1 0 ]
[ 46 107 169 1 0.859375 0.278689 0.015625 0.0163934 1 0 ]
[ 47 107 170 1 0.859375 0.311475 0.015625 0.0163934 1 0 ]
[ 61 122 188 1 0.828125 0.311475 0.015625 0.0163934 1 0 ]
[ 65 125 196 1 0.828125 0.344262 0.015625 0.0163934 1 0 ]
[ 52 112 174 1 0.859375 0.344262 0.015625 0.0163934 1 0 ]
[ 56 117 181 1 0.859375 0.377049 0.015625 0.0163934 1 0 ]
[ 62 125 194 1 0.828125 0.377049 0.015625 0.0163934 1 0 ]
[ 77 140 211 1 0.765625 0.344262 0.015625 0.0163934 1 0 ]
[ 65 128 198 1 0.796875 0.344262 0.015625 0.0163934 1 0 ]
[ 78 138 210 1 0.796875 0.377049 0.015625 0.0163934 1 0 ]
[ 83 143 216 1 0.765625 0.377049 0.015625 0.0163934 1 0 ]
[ 49 104 167 1 0.890625 0.278689 0.015625 0.0163934 1 0 ]
[ 45 99 160 1 0.921875 0.278689 0.015625 0.0163934 1 0 ]
[ 32 83 133 1 0.921875 0.311475 0.015625 0.0163934 1 0 ]
[ 31 84 135 1 0.890625 0.311475 0.015625 0.0163934 1 0 ]
[ 55 115 177 1 0.953125 0.278689 0.015625 0.0163934 1 0 ]
[ 62 122 185 1 0.984375 0.278689 0.015625 0.0163934 1 0 ]
[ 49 108 168 1 0.984375 0.311475 0.015625 0.0163934 1 0 ]
[ 48 101 153 1 0.953125 0.311475 0.015625 0.0163934 1 0 ]
[ 32 82 128 1 0.953125 0.344262 0.015625 0.0163934 1 0 ]
[ 43 100 156 1 0.984375 0.344262 0.015625 0.0163934 1 0 ]
[ 39 90 147 1 0.984375 0.377049 0.015625 0.0163934 1 0 ]
[ 18 67 114 1 0.953125 0.377049 0.015625 0.0163934 1 0 ]
[ 51 105 156 1 0.890625 0.344262 0.015625 0.0163934 1 0 ]
[ 39 85 131 1 0.921875 0.344262 0.015625 0.0163934 1 0 ]
[ 30 76 125 1 0.921875 0.377049 0.015625 0.0163934 1 0 ]
[ 21 75 122 1 0.890625 0.377049 0.015625 0.0163934 1 0 ]
[ 56 112 174 1 0.890625 0.409836 0.015625 0.0163934 1 0 ]
[ 53 109 169 1 0.921875 0.409836 0.015625 0.0163934 1 0 ]
[ 70 133 201 1 0.921875 0.442623 0.015625 0.0163934 1 0 ]
[ 59 120 188 1 0.890625 0.442623 0.015625 0.0163934 1 0 ]
[ 51 104 163 1 0.953125 0.409836 0.015625 0.0163934 1 0 ]
[ 38 93 153 1 0.984375 0.409836 0.015625 0.0163934 1 0 ]
[ 71 129 200 1 0.984375 0.442623 0.015625 0.0163934 1 0 ]
[ 67 128 196 1 0.953125 0.442623 0.015625 0.0163934 1 0 ]
[ 89 148 225 1 0.953125 0.47541 0.015625 0.0163934 1 0 ]
[ 76 136 209 1 0.984375 0.47541 0.015625 0.0163934 1 0 ]
[ 86 148 223 1 0.984375 0.508197 0.015625 0.0163934 1 0 ]
[ 84 143 220 1 0.953125 0.508197 0.015625 0.0163934 1 0 ]
[ 86 146 218 1 0.890625 0.47541 0.015625 0.0163934 1 0 ]
[ 86 145 221 1 0.921875 0.47541 0.015625 0.0163934 1 0 ]
[ 87 146 224 1 0.921875 0.508197 0.015625 0.0163934 1 0 ]
[ 87 146 223 1 0.890625 0.508197 0.015625 0.0163934 1 0 ]
[ 84 143 216 1 0.765625 0.409836 0.015625 0.0163934 1 0 ]
[ 73 133 205 1 0.796875 0.409836 0.015625 0.0163934 1 0 ]
[ 54 115 180 1 0.796875 0.442623 0.015625 0.0163934 1 0 ]
[ 57 118 188 1 0.765625 0.442623 0.015625 0.0163934 1 0 ]
[ 56 118 186 1 0.828125 0.409836 0.015625 0.0163934 1 0 ]
[ 56 117 180 1 0.859375 0.409836 0.015625 0.0163934 1 0 ]
[ 57 120 185 1 0.859375 0.442623 0.015625 0.0163934 1 0 ]
[ 69 131 198 1 0.828125 0.442623 0.015625 0.0163934 1 0 ]
[ 73 136 207 1 0.828125 0.47541 0.015625 0.0163934 1 0 ]
[ 74 134 206 1 0.859375 0.47541 0.015625 0.0163934 1 0 ]
[ 80 142 216 1 0.859375 0.508197 0.015625 0.0163934 1 0 ]
[ 79 140 217 1 0.828125 0.508197 0.015625 0.0163934 1 0 ]
[ 55 115 181 1 0.765625 0.47541 0.015625 0.0163934 1 0 ]
[ 71 131 202 1 0.796875 0.47541 0.015625 0.0163934 1 0 ]
[ 66 130 201 1 0.796875 0.508197 0.015625 0.0163934 1 0 ]
[ 69 129 201 1 0.765625 0.508197 0.015625 0.0163934 1 0 ]
[ 74 137 208 1 0.765625 0.540984 0.015625 0.0163934 1 0 ]
[ 80 142 218 1 0.796875 0.540984 0.015625 0.0163934 1 0 ]
[ 98 157 234 1 0.796875 0.57377 0.015625 0.0163934 1 0 ]
[ 82 143 216 1 0.765625 0.57377 0.015625 0.0163934 1 0 ]
[ 87 148 228 1 0.828125 0.540984 0.015625 0.0163934 1 0 ]
[ 94 153 233 1 0.859375 0.540984 0.015625 0.0163934 1 0 ]
[ 98 157 235 1 0.859375 0.57377 0.015625 0.0163934 1 0 ]
[ 102 161 239 1 0.828125 0.57377 0.015625 0.0163934 1 0 ]
[ 93 153 226 1 0.828125 0.606557 0.015625 0.0163934 1 0 ]
[ 83 142 216 1 0.859375 0.606557 0.015625 0.0163934 1 0 ]
[ 59 119 188 1 0.859375 0.639344 0.015625 0.0163934 1 0 ]
[ 54 114 186 1 0.828125 0.639344 0.015625 0.0163934 1 0 ]
[ 88 148 221 1 0.765625 0.606557 0.015625 0.0163934 1 0 ]
[ 96 156 229 1 0.796875 0.606557 0.015625 0.0163934 1 0 ]
[ 68 128 199 1 0.796875 0.639344 0.015625 0.0163934 1 0 ]
[ 68 128 200 1 0.765625 0.639344 0.015625 0.0163934 1 0 ]
[ 100 158 238 1 0.890625 0.540984 0.015625 0.0163934 1 0 ]
[ 99 157 238 1 0.921875 0.540984 0.015625 0.0163934 1 0 ]
[ 95 155 233 1 0.921875 0.57377 0.015625 0.0163934 1 0 ]
[ 114 173 251 1 0.890625 0.57377 0.015625 0.0163934 1 0 ]
[ 95 153 234 1 0.953125 0.540984 0.015625 0.0163934 1 0 ]
[ 87 146 223 1 0.984375 0.540984 0.015625 0.0163934 1 0 ]
[ 87 149 225 1 0.984375 0.57377 0.015625 0.0163934 1 0 ]
[ 95 154 230 1 0.953125 0.57377 0.015625 0.0163934 1 0 ]
[ 67 129 203 1 0.953125 0.606557 0.015625 0.0163934 1 0 ]
[ 76 140 214 1 0.984375 0.606557 0.015625 0.0163934 1 0 ]
[ 88 148 222 1 0.984375 0.639344 0.015625 0.0163934 1 0 ]
[ 79 139 210 1 0.953125 0.639344 0.015625 0.0163934 1 0 ]
[ 78 138 211 1 0.890625 0.606557 0.015625 0.0163934 1 0 ]
[ 83 143 215 1 0.921875 0.606557 0.015625 0.0163934 1 0 ]
[ 51 112 173 1 0.921875 0.639344 0.015625 0.0163934 1 0 ]
[ 37 98 160 1 0.890625 0.639344 0.015625 0.0163934 1 0 ]
[ 66 126 185 1 0.890625 0.672131 0.015625 0.0163934 1 0 ]
[ 48 102 158 1 0.921875 0.672131 0.015625 0.0163934 1 0 ]
[ 38 88 134 1 0.921875 0.704918 0.015625 0.0163934 1 0 ]
[ 43 97 156 1 0.890625 0.704918 0.015625 0.0163934 1 0 ]
[ 59 117 182 1 0.953125 0.672131 0.015625 0.0163934 1 0 ]
[ 81 144 210 1 0.984375 0.672131 0.015625 0.0163934 1 0 ]
[ 62 122 186 1 0.984375 0.704918 0.015625 0.0163934 1 0 ]
[ 41 95 151 1 0.953125 0.704918 0.015625 0.0163934 1 0 ]
[ 33 77 120 1 0.953125 0.737705 0.015625 0.0163934 1 0 ]
[ 39 94 142 1 0.984375 0.737705 0.015625 0.0163934 1 0 ]
[ 32 83 137 1 0.984375 0.770492 0.015625 0.0163934 1 0 ]
[ 23 65 102 1 0.953125 0.770492 0.015625 0.0163934 1 0 ]
[ 24 67 112 1 0.890625 0.737705 0.015625 0.0163934 1 0 ]
[ 26 63 99 1 0.921875 0.737705 0.015625 0.0163934 1 0 ]
[ 21 56 89 1 0.921875 0.770492 0.015625 0.0163934 1 0 ]
[ 17 47 77 1 0.890625 0.770492 0.015625 0.0163934 1 0 ]
[ 71 131 202 1 0.765625 0.672131 0.015625 0.0163934 1 0 ]
[ 52 113 183 1 0.796875 0.672131 0.015625 0.0163934 1 0 ]
[ 70 130 200 1 0.796875 0.704918 0.015625 0.0163934 1 0 ]
[ 75 135 205 1 0.765625 0.704918 0.015625 0.0163934 1 0 ]
[ 55 116 183 1 0.828125 0.672131 0.015625 0.0163934 1 0 ]
[ 66 125 192 1 0.859375 0.672131 0.015625 0.0163934 1 0 ]
[ 61 121 183 1 0.859375 0.704918 0.015625 0.0163934 1 0 ]
[ 65 124 192 1 0.828125 0.704918 0.015625 0.0163934 1 0 ]
[ 58 118 183 1 0.828125 0.737705 0.015625 0.0163934 1 0 ]
[ 50 105 167 1 0.859375 0.737705 0.015625 0.0163934 1 0 ]
[ 31 72 118 1 0.859375 0.770492 0.015625 0.0163934 1 0 ]
[ 50 103 164 1 0.828125 0.770492 0.015625 0.0163934 1 0 ]
[ 67 126 194 1 0.765625 0.737705 0.015625 0.0163934 1 0 ]
[ 65 124 191 1 0.796875 0.737705 0.015625 0.0163934 1 0 ]
[ 62 121 185 1 0.796875 0.770492 0.015625 0.0163934 1 0 ]
[ 55 116 179 1 0.765625 0.770492 0.015625 0.0163934 1 0 ]
